0,0.000000,0.000000,12.000000,0.000000,0.000000,0.000000,12.000000,0.000000
0,0.000000,0.000000,12.000000,0.000000,1.184384,-0.166906,12.000000,-0.280000
0,0.000000,0.000000,12.000000,0.000000,2.276517,-0.654622,12.000000,-0.560000
0,0.000000,0.000000,12.000000,0.000000,3.191334,-1.425162,12.000000,-0.840000
0,0.000000,0.000000,12.000000,0.000000,3.857582,-2.418509,12.000000,-1.120000
0,0.000000,0.000000,12.000000,0.000000,4.223365,-3.557291,12.000000,-1.400000
0,0.000000,0.000000,12.000000,0.000000,4.260194,-4.752811,12.000000,-1.680000
0,0.000000,0.000000,12.000000,0.000000,3.965201,-5.911949,12.000000,-1.960000
0,0.000000,0.000000,12.000000,0.000000,3.361361,-6.944422,12.000000,-2.240000
0,0.000000,0.000000,12.000000,0.000000,2.495708,-7.769811,12.000000,-2.520000
0,0.000000,0.000000,12.000000,0.000000,1.435667,-8.323828,12.000000,-2.800000
0,0.000000,0.000000,12.000000,0.000000,0.263802,-8.563320,12.000000,-3.080000
1,0.000000,0.000000,12.000000,0.000000,0.000000,0.000000,12.000000,0.000000
1,0.000000,0.000000,12.000000,0.000000,1.185012,-0.163543,12.000000,-0.274286
1,0.000000,0.000000,12.000000,0.000000,2.281431,-0.641943,12.000000,-0.548571
1,0.000000,0.000000,12.000000,0.000000,3.207284,-1.399436,12.000000,-0.822857
1,0.000000,0.000000,12.000000,0.000000,3.893354,-2.379390,12.000000,-1.097143
1,0.000000,0.000000,12.000000,0.000000,4.288348,-3.508540,12.000000,-1.371429
1,0.000000,0.000000,12.000000,0.000000,4.362737,-4.702469,12.000000,-1.645714
1,0.000000,0.000000,12.000000,0.000000,4.110957,-5.871916,12.000000,-1.920000
1,0.000000,0.000000,12.000000,0.000000,3.551833,-6.929452,12.000000,-2.194286
1,0.000000,0.000000,12.000000,0.000000,2.727167,-7.796011,12.000000,-2.468571
1,0.000000,0.000000,12.000000,0.000000,1.698612,-8.406810,12.000000,-2.742857
1,0.000000,0.000000,12.000000,0.000000,0.543065,-8.716181,12.000000,-3.017143
2,0.000000,0.000000,12.000000,0.000000,0.000000,0.000000,12.000000,0.000000
2,0.000000,0.000000,12.000000,0.000000,1.185628,-0.160177,12.000000,-0.268571
2,0.000000,0.000000,12.000000,0.000000,2.286249,-0.629223,12.000000,-0.537143
2,0.000000,0.000000,12.000000,0.000000,3.222950,-1.373509,12.000000,-0.805714
2,0.000000,0.000000,12.000000,0.000000,3.928571,-2.339671,12.000000,-1.074286
2,0.000000,0.000000,12.000000,0.000000,4.352522,-3.458436,12.000000,-1.342857
2,0.000000,0.000000,12.000000,0.000000,4.464405,-4.649592,12.000000,-1.611429
2,0.000000,0.000000,12.000000,0.000000,4.256199,-5.827735,12.000000,-1.880000
2,0.000000,0.000000,12.000000,0.000000,3.742832,-6.908394,12.000000,-2.148571
2,0.000000,0.000000,12.000000,0.000000,2.961110,-7.814088,12.000000,-2.417143
2,0.000000,0.000000,12.000000,0.000000,1.967083,-8.479881,12.000000,-2.685714
2,0.000000,0.000000,12.000000,0.000000,0.832020,-8.858036,12.000000,-2.954286
3,0.000000,0.000000,12.000000,0.000000,0.000000,0.000000,12.000000,0.000000
3,0.000000,0.000000,12.000000,0.000000,1.186231,-0.156809,12.000000,-0.262857
3,0.000000,0.000000,12.000000,0.000000,2.290971,-0.616462,12.000000,-0.525714
3,0.000000,0.000000,12.000000,0.000000,3.238329,-1.347383,12.000000,-0.788571
3,0.000000,0.000000,12.000000,0.000000,3.963223,-2.299361,12.000000,-1.051429
3,0.000000,0.000000,12.000000,0.000000,4.415856,-3.406996,12.000000,-1.314286
3,0.000000,0.000000,12.000000,0.000000,4.565133,-4.594198,12.000000,-1.577143
3,0.000000,0.000000,12.000000,0.000000,4.400799,-5.779410,12.000000,-1.840000
3,0.000000,0.000000,12.000000,0.000000,3.934144,-6.881211,12.000000,-2.102857
3,0.000000,0.000000,12.000000,0.000000,3.197225,-7.823911,12.000000,-2.365714
3,0.000000,0.000000,12.000000,0.000000,2.240666,-8.542749,12.000000,-2.628571
3,0.000000,0.000000,12.000000,0.000000,1.130181,-8.988343,12.000000,-2.891429
4,0.000000,0.000000,12.000000,0.000000,0.000000,0.000000,12.000000,0.000000
4,0.000000,0.000000,12.000000,0.000000,1.186821,-0.153438,12.000000,-0.257143
4,0.000000,0.000000,12.000000,0.000000,2.295598,-0.603661,12.000000,-0.514286
4,0.000000,0.000000,12.000000,0.000000,3.253419,-1.321063,12.000000,-0.771429
4,0.000000,0.000000,12.000000,0.000000,3.997298,-2.258469,12.000000,-1.028571
4,0.000000,0.000000,12.000000,0.000000,4.478320,-3.354236,12.000000,-1.285714
4,0.000000,0.000000,12.000000,0.000000,4.664852,-4.536308,12.000000,-1.542857
4,0.000000,0.000000,12.000000,0.000000,4.544629,-5.726952,12.000000,-1.800000
4,0.000000,0.000000,12.000000,0.000000,4.125556,-6.847873,12.000000,-2.057143
4,0.000000,0.000000,12.000000,0.000000,3.435191,-7.825361,12.000000,-2.314286
4,0.000000,0.000000,12.000000,0.000000,2.518931,-8.595138,12.000000,-2.571429
4,0.000000,0.000000,12.000000,0.000000,1.437030,-9.106583,12.000000,-2.828571
5,0.000000,0.000000,12.000000,0.000000,0.000000,0.000000,12.000000,0.000000
5,0.000000,0.000000,12.000000,0.000000,1.187398,-0.150064,12.000000,-0.251429
5,0.000000,0.000000,12.000000,0.000000,2.300128,-0.590821,12.000000,-0.502857
5,0.000000,0.000000,12.000000,0.000000,3.268217,-1.294552,12.000000,-0.754286
5,0.000000,0.000000,12.000000,0.000000,4.030787,-2.217006,12.000000,-1.005714
5,0.000000,0.000000,12.000000,0.000000,4.539885,-3.300174,12.000000,-1.257143
5,0.000000,0.000000,12.000000,0.000000,4.763497,-4.475943,12.000000,-1.508571
5,0.000000,0.000000,12.000000,0.000000,4.687561,-5.670375,12.000000,-1.760000
5,0.000000,0.000000,12.000000,0.000000,4.316853,-6.808359,12.000000,-2.011429
5,0.000000,0.000000,12.000000,0.000000,3.674683,-7.818336,12.000000,-2.262857
5,0.000000,0.000000,12.000000,0.000000,2.801435,-8.636793,12.000000,-2.514286
5,0.000000,0.000000,12.000000,0.000000,1.752022,-9.212262,12.000000,-2.765714
6,0.000000,0.000000,12.000000,0.000000,0.000000,0.000000,12.000000,0.000000
6,0.000000,0.000000,12.000000,0.000000,1.187963,-0.146688,12.000000,-0.245714
6,0.000000,0.000000,12.000000,0.000000,2.304562,-0.577942,12.000000,-0.491429
6,0.000000,0.000000,12.000000,0.000000,3.282721,-1.267854,12.000000,-0.737143
6,0.000000,0.000000,12.000000,0.000000,4.063678,-2.174980,12.000000,-0.982857
6,0.000000,0.000000,12.000000,0.000000,4.600522,-3.244827,12.000000,-1.228571
6,0.000000,0.000000,12.000000,0.000000,4.861001,-4.413127,12.000000,-1.474286
6,0.000000,0.000000,12.000000,0.000000,4.829468,-5.609697,12.000000,-1.720000
6,0.000000,0.000000,12.000000,0.000000,4.507818,-6.762655,12.000000,-1.965714
6,0.000000,0.000000,12.000000,0.000000,3.915372,-7.802743,12.000000,-2.211429
6,0.000000,0.000000,12.000000,0.000000,3.087721,-8.667478,12.000000,-2.457143
6,0.000000,0.000000,12.000000,0.000000,2.074583,-9.304914,12.000000,-2.702857
7,0.000000,0.000000,12.000000,0.000000,0.000000,0.000000,12.000000,0.000000
7,0.000000,0.000000,12.000000,0.000000,1.188515,-0.143310,12.000000,-0.240000
7,0.000000,0.000000,12.000000,0.000000,2.308899,-0.565026,12.000000,-0.480000
7,0.000000,0.000000,12.000000,0.000000,3.296927,-1.240973,12.000000,-0.720000
7,0.000000,0.000000,12.000000,0.000000,4.095963,-2.132403,12.000000,-0.960000
7,0.000000,0.000000,12.000000,0.000000,4.660201,-3.188215,12.000000,-1.200000
7,0.000000,0.000000,12.000000,0.000000,4.957297,-4.347886,12.000000,-1.440000
7,0.000000,0.000000,12.000000,0.000000,4.970222,-5.544940,12.000000,-1.680000
7,0.000000,0.000000,12.000000,0.000000,4.698233,-6.710756,12.000000,-1.920000
7,0.000000,0.000000,12.000000,0.000000,4.156922,-7.778505,12.000000,-2.160000
7,0.000000,0.000000,12.000000,0.000000,3.377320,-8.686979,12.000000,-2.400000
7,0.000000,0.000000,12.000000,0.000000,2.404116,-9.384100,12.000000,-2.640000
8,0.000000,0.000000,12.000000,0.000000,0.000000,0.000000,12.000000,0.000000
8,0.000000,0.000000,12.000000,0.000000,1.189053,-0.139930,12.000000,-0.234286
8,0.000000,0.000000,12.000000,0.000000,2.313138,-0.552073,12.000000,-0.468571
8,0.000000,0.000000,12.000000,0.000000,3.310834,-1.213912,12.000000,-0.702857
8,0.000000,0.000000,12.000000,0.000000,4.127630,-2.089282,12.000000,-0.937143
8,0.000000,0.000000,12.000000,0.000000,4.718895,-3.130356,12.000000,-1.171429
8,0.000000,0.000000,12.000000,0.000000,5.052323,-4.280249,12.000000,-1.405714
8,0.000000,0.000000,12.000000,0.000000,5.109697,-5.476132,12.000000,-1.640000
8,0.000000,0.000000,12.000000,0.000000,4.887881,-6.652663,12.000000,-1.874286
8,0.000000,0.000000,12.000000,0.000000,4.398995,-7.745558,12.000000,-2.108571
8,0.000000,0.000000,12.000000,0.000000,3.669751,-8.695101,12.000000,-2.342857
8,0.000000,0.000000,12.000000,0.000000,2.739996,-9.449411,12.000000,-2.577143
9,0.000000,0.000000,12.000000,0.000000,0.000000,0.000000,12.000000,0.000000
9,0.000000,0.000000,12.000000,0.000000,1.189579,-0.136547,12.000000,-0.228571
9,0.000000,0.000000,12.000000,0.000000,2.317279,-0.539085,12.000000,-0.457143
9,0.000000,0.000000,12.000000,0.000000,3.324440,-1.186675,12.000000,-0.685714
9,0.000000,0.000000,12.000000,0.000000,4.158670,-2.045630,12.000000,-0.914286
9,0.000000,0.000000,12.000000,0.000000,4.776575,-3.071270,12.000000,-1.142857
9,0.000000,0.000000,12.000000,0.000000,5.146013,-4.210243,12.000000,-1.371429
9,0.000000,0.000000,12.000000,0.000000,5.247766,-5.403303,12.000000,-1.600000
9,0.000000,0.000000,12.000000,0.000000,5.076543,-6.588388,12.000000,-1.828571
9,0.000000,0.000000,12.000000,0.000000,4.641248,-7.703853,12.000000,-2.057143
9,0.000000,0.000000,12.000000,0.000000,3.964526,-8.691674,12.000000,-2.285714
9,0.000000,0.000000,12.000000,0.000000,3.081577,-9.500468,12.000000,-2.514286
10,0.000000,0.000000,12.000000,0.000000,0.000000,0.000000,12.000000,0.000000
10,0.000000,0.000000,12.000000,0.000000,1.190093,-0.133162,12.000000,-0.222857
10,0.000000,0.000000,12.000000,0.000000,2.321323,-0.526061,12.000000,-0.445714
10,0.000000,0.000000,12.000000,0.000000,3.337741,-1.159266,12.000000,-0.668571
10,0.000000,0.000000,12.000000,0.000000,4.189073,-2.001456,12.000000,-0.891429
10,0.000000,0.000000,12.000000,0.000000,4.833214,-3.010979,12.000000,-1.114286
10,0.000000,0.000000,12.000000,0.000000,5.238304,-4.137901,12.000000,-1.337143
10,0.000000,0.000000,12.000000,0.000000,5.384306,-5.326487,12.000000,-1.560000
10,0.000000,0.000000,12.000000,0.000000,5.264000,-6.517948,12.000000,-1.782857
10,0.000000,0.000000,12.000000,0.000000,4.883337,-7.653354,12.000000,-2.005714
10,0.000000,0.000000,12.000000,0.000000,4.261143,-8.676549,12.000000,-2.228571
10,0.000000,0.000000,12.000000,0.000000,3.428192,-9.536924,12.000000,-2.451429
11,0.000000,0.000000,12.000000,0.000000,0.000000,0.000000,12.000000,0.000000
11,0.000000,0.000000,12.000000,0.000000,1.190593,-0.129775,12.000000,-0.217143
11,0.000000,0.000000,12.000000,0.000000,2.325268,-0.513004,12.000000,-0.434286
11,0.000000,0.000000,12.000000,0.000000,3.350735,-1.131688,12.000000,-0.651429
11,0.000000,0.000000,12.000000,0.000000,4.218831,-1.956772,12.000000,-0.868571
11,0.000000,0.000000,12.000000,0.000000,4.888786,-2.949502,12.000000,-1.085714
11,0.000000,0.000000,12.000000,0.000000,5.329133,-4.063256,12.000000,-1.302857
11,0.000000,0.000000,12.000000,0.000000,5.519192,-5.245724,12.000000,-1.520000
11,0.000000,0.000000,12.000000,0.000000,5.450036,-6.441370,12.000000,-1.737143
11,0.000000,0.000000,12.000000,0.000000,5.124914,-7.594041,12.000000,-1.954286
11,0.000000,0.000000,12.000000,0.000000,4.559095,-8.649598,12.000000,-2.171429
11,0.000000,0.000000,12.000000,0.000000,3.779153,-9.558468,12.000000,-2.388571
12,0.000000,0.000000,12.000000,0.000000,0.000000,0.000000,12.000000,0.000000
12,0.000000,0.000000,12.000000,0.000000,1.191080,-0.126385,12.000000,-0.211429
12,0.000000,0.000000,12.000000,0.000000,2.329115,-0.499913,12.000000,-0.422857
12,0.000000,0.000000,12.000000,0.000000,3.363421,-1.103947,12.000000,-0.634286
12,0.000000,0.000000,12.000000,0.000000,4.247934,-1.911587,12.000000,-0.845714
12,0.000000,0.000000,12.000000,0.000000,4.943262,-2.886863,12.000000,-1.057143
12,0.000000,0.000000,12.000000,0.000000,5.418439,-3.986342,12.000000,-1.268571
12,0.000000,0.000000,12.000000,0.000000,5.652301,-5.161057,12.000000,-1.480000
12,0.000000,0.000000,12.000000,0.000000,5.634433,-6.358690,12.000000,-1.691429
12,0.000000,0.000000,12.000000,0.000000,5.365632,-7.525906,12.000000,-1.902857
12,0.000000,0.000000,12.000000,0.000000,4.857868,-8.610720,12.000000,-2.114286
12,0.000000,0.000000,12.000000,0.000000,4.133755,-9.564819,12.000000,-2.325714
13,0.000000,0.000000,12.000000,0.000000,0.000000,0.000000,12.000000,0.000000
13,0.000000,0.000000,12.000000,0.000000,1.191555,-0.122994,12.000000,-0.205714
13,0.000000,0.000000,12.000000,0.000000,2.332863,-0.486789,12.000000,-0.411429
13,0.000000,0.000000,12.000000,0.000000,3.375795,-1.076045,12.000000,-0.617143
13,0.000000,0.000000,12.000000,0.000000,4.276373,-1.865913,12.000000,-0.822857
13,0.000000,0.000000,12.000000,0.000000,4.996619,-2.823084,12.000000,-1.028571
13,0.000000,0.000000,12.000000,0.000000,5.506160,-3.907196,12.000000,-1.234286
13,0.000000,0.000000,12.000000,0.000000,5.783511,-5.072532,12.000000,-1.440000
13,0.000000,0.000000,12.000000,0.000000,5.816974,-6.269950,12.000000,-1.645714
13,0.000000,0.000000,12.000000,0.000000,5.605140,-7.448957,12.000000,-1.851429
13,0.000000,0.000000,12.000000,0.000000,5.156940,-8.559834,12.000000,-2.057143
13,0.000000,0.000000,12.000000,0.000000,4.491276,-9.555736,12.000000,-2.262857
14,0.000000,0.000000,12.000000,0.000000,0.000000,0.000000,12.000000,0.000000
14,0.000000,0.000000,12.000000,0.000000,1.192017,-0.119601,12.000000,-0.200000
14,0.000000,0.000000,12.000000,0.000000,2.336511,-0.473634,12.000000,-0.400000
14,0.000000,0.000000,12.000000,0.000000,3.387857,-1.047987,12.000000,-0.600000
14,0.000000,0.000000,12.000000,0.000000,4.304139,-1.819761,12.000000,-0.800000
14,0.000000,0.000000,12.000000,0.000000,5.048829,-2.758188,12.000000,-1.000000
14,0.000000,0.000000,12.000000,0.000000,5.592238,-3.825856,12.000000,-1.200000
14,0.000000,0.000000,12.000000,0.000000,5.912702,-4.980200,12.000000,-1.400000
14,0.000000,0.000000,12.000000,0.000000,5.997445,-6.175201,12.000000,-1.600000
14,0.000000,0.000000,12.000000,0.000000,5.843089,-7.363217,12.000000,-1.800000
14,0.000000,0.000000,12.000000,0.000000,5.455788,-8.496886,12.000000,-2.000000
14,0.000000,0.000000,12.000000,0.000000,4.850981,-9.531012,12.000000,-2.200000
15,0.000000,0.000000,12.000000,0.000000,0.000000,0.000000,12.000000,0.000000
15,0.000000,0.000000,12.000000,0.000000,1.192465,-0.116205,12.000000,-0.194286
15,0.000000,0.000000,12.000000,0.000000,2.340060,-0.460448,12.000000,-0.388571
15,0.000000,0.000000,12.000000,0.000000,3.399603,-1.019776,12.000000,-0.582857
15,0.000000,0.000000,12.000000,0.000000,4.331224,-1.773142,12.000000,-0.777143
15,0.000000,0.000000,12.000000,0.000000,5.099868,-2.692198,12.000000,-0.971429
15,0.000000,0.000000,12.000000,0.000000,5.676612,-3.742361,12.000000,-1.165714
15,0.000000,0.000000,12.000000,0.000000,6.039755,-4.884117,12.000000,-1.360000
15,0.000000,0.000000,12.000000,0.000000,6.175632,-6.074501,12.000000,-1.554286
15,0.000000,0.000000,12.000000,0.000000,6.079130,-7.268722,12.000000,-1.748571
15,0.000000,0.000000,12.000000,0.000000,5.753880,-8.421844,12.000000,-1.942857
15,0.000000,0.000000,12.000000,0.000000,5.212122,-9.490477,12.000000,-2.137143
16,0.000000,0.000000,12.000000,0.000000,0.000000,0.000000,12.000000,0.000000
16,0.000000,0.000000,12.000000,0.000000,1.192901,-0.112808,12.000000,-0.188571
16,0.000000,0.000000,12.000000,0.000000,2.343510,-0.447233,12.000000,-0.377143
16,0.000000,0.000000,12.000000,0.000000,3.411031,-0.991417,12.000000,-0.565714
16,0.000000,0.000000,12.000000,0.000000,4.357618,-1.726068,12.000000,-0.754286
16,0.000000,0.000000,12.000000,0.000000,5.149711,-2.625139,12.000000,-0.942857
16,0.000000,0.000000,12.000000,0.000000,5.759226,-3.656755,12.000000,-1.131429
16,0.000000,0.000000,12.000000,0.000000,6.164553,-4.784340,12.000000,-1.320000
16,0.000000,0.000000,12.000000,0.000000,6.351323,-5.967918,12.000000,-1.508571
16,0.000000,0.000000,12.000000,0.000000,6.312914,-7.165525,12.000000,-1.697143
16,0.000000,0.000000,12.000000,0.000000,6.050687,-8.334703,12.000000,-1.885714
16,0.000000,0.000000,12.000000,0.000000,5.573939,-9.433999,12.000000,-2.074286
17,0.000000,0.000000,12.000000,0.000000,0.000000,0.000000,12.000000,0.000000
17,0.000000,0.000000,12.000000,0.000000,1.193324,-0.109409,12.000000,-0.182857
17,0.000000,0.000000,12.000000,0.000000,2.346859,-0.433988,12.000000,-0.365714
17,0.000000,0.000000,12.000000,0.000000,3.422140,-0.962914,12.000000,-0.548571
17,0.000000,0.000000,12.000000,0.000000,4.383315,-1.678551,12.000000,-0.731429
17,0.000000,0.000000,12.000000,0.000000,5.198334,-2.557036,12.000000,-0.914286
17,0.000000,0.000000,12.000000,0.000000,5.840022,-3.569079,12.000000,-1.097143
17,0.000000,0.000000,12.000000,0.000000,6.286982,-4.680933,12.000000,-1.280000
17,0.000000,0.000000,12.000000,0.000000,6.524310,-5.855526,12.000000,-1.462857
17,0.000000,0.000000,12.000000,0.000000,6.544094,-7.053692,12.000000,-1.645714
17,0.000000,0.000000,12.000000,0.000000,6.345675,-8.235480,12.000000,-1.828571
17,0.000000,0.000000,12.000000,0.000000,5.935667,-9.361485,12.000000,-2.011429
18,0.000000,0.000000,12.000000,0.000000,0.000000,0.000000,12.000000,0.000000
18,0.000000,0.000000,12.000000,0.000000,1.193734,-0.106008,12.000000,-0.177143
18,0.000000,0.000000,12.000000,0.000000,2.350108,-0.420715,12.000000,-0.354286
18,0.000000,0.000000,12.000000,0.000000,3.432928,-0.934270,12.000000,-0.531429
18,0.000000,0.000000,12.000000,0.000000,4.408306,-1.630601,12.000000,-0.708571
18,0.000000,0.000000,12.000000,0.000000,5.245715,-2.487915,12.000000,-0.885714
18,0.000000,0.000000,12.000000,0.000000,5.918945,-3.479378,12.000000,-1.062857
18,0.000000,0.000000,12.000000,0.000000,6.406926,-4.573962,12.000000,-1.240000
18,0.000000,0.000000,12.000000,0.000000,6.694386,-5.737408,12.000000,-1.417143
18,0.000000,0.000000,12.000000,0.000000,6.772327,-6.933303,12.000000,-1.594286
18,0.000000,0.000000,12.000000,0.000000,6.638311,-8.124218,12.000000,-1.771429
18,0.000000,0.000000,12.000000,0.000000,6.296531,-9.272881,12.000000,-1.948571
19,0.000000,0.000000,12.000000,0.000000,0.000000,0.000000,12.000000,0.000000
19,0.000000,0.000000,12.000000,0.000000,1.194131,-0.102606,12.000000,-0.171429
19,0.000000,0.000000,12.000000,0.000000,2.353256,-0.407414,12.000000,-0.342857
19,0.000000,0.000000,12.000000,0.000000,3.443393,-0.905490,12.000000,-0.514286
19,0.000000,0.000000,12.000000,0.000000,4.432583,-1.582232,12.000000,-0.685714
19,0.000000,0.000000,12.000000,0.000000,5.291829,-2.417800,12.000000,-0.857143
19,0.000000,0.000000,12.000000,0.000000,5.995940,-3.387700,12.000000,-1.028571
19,0.000000,0.000000,12.000000,0.000000,6.524276,-4.463497,12.000000,-1.200000
19,0.000000,0.000000,12.000000,0.000000,6.861346,-5.613654,12.000000,-1.371429
19,0.000000,0.000000,12.000000,0.000000,6.997270,-6.804453,12.000000,-1.542857
19,0.000000,0.000000,12.000000,0.000000,6.928063,-8.000985,12.000000,-1.714286
19,0.000000,0.000000,12.000000,0.000000,6.655755,-9.168172,12.000000,-1.885714
20,0.000000,0.000000,12.000000,0.000000,0.000000,0.000000,12.000000,0.000000
20,0.000000,0.000000,12.000000,0.000000,1.194516,-0.099201,12.000000,-0.165714
20,0.000000,0.000000,12.000000,0.000000,2.356303,-0.394087,12.000000,-0.331429
20,0.000000,0.000000,12.000000,0.000000,3.453532,-0.876578,12.000000,-0.497143
20,0.000000,0.000000,12.000000,0.000000,4.456139,-1.533455,12.000000,-0.662857
20,0.000000,0.000000,12.000000,0.000000,5.336655,-2.346720,12.000000,-0.828571
20,0.000000,0.000000,12.000000,0.000000,6.070955,-3.294091,12.000000,-0.994286
20,0.000000,0.000000,12.000000,0.000000,6.638921,-4.349611,12.000000,-1.160000
20,0.000000,0.000000,12.000000,0.000000,7.024990,-5.484362,12.000000,-1.325714
20,0.000000,0.000000,12.000000,0.000000,7.218586,-6.667252,12.000000,-1.491429
20,0.000000,0.000000,12.000000,0.000000,7.214403,-7.865873,12.000000,-1.657143
20,0.000000,0.000000,12.000000,0.000000,7.012557,-9.047383,12.000000,-1.822857
21,0.000000,0.000000,12.000000,0.000000,0.000000,0.000000,12.000000,0.000000
21,0.000000,0.000000,12.000000,0.000000,1.194887,-0.095795,12.000000,-0.160000
21,0.000000,0.000000,12.000000,0.000000,2.359250,-0.380734,12.000000,-0.320000
21,0.000000,0.000000,12.000000,0.000000,3.463345,-0.847538,12.000000,-0.480000
21,0.000000,0.000000,12.000000,0.000000,4.478967,-1.484282,12.000000,-0.640000
21,0.000000,0.000000,12.000000,0.000000,5.380172,-2.274700,12.000000,-0.800000
21,0.000000,0.000000,12.000000,0.000000,6.143938,-3.198601,12.000000,-0.960000
21,0.000000,0.000000,12.000000,0.000000,6.750755,-4.232383,12.000000,-1.120000
21,0.000000,0.000000,12.000000,0.000000,7.185121,-5.349637,12.000000,-1.280000
21,0.000000,0.000000,12.000000,0.000000,7.435939,-6.521824,12.000000,-1.440000
21,0.000000,0.000000,12.000000,0.000000,7.496804,-7.718998,12.000000,-1.600000
21,0.000000,0.000000,12.000000,0.000000,7.366159,-8.910578,12.000000,-1.760000
22,0.000000,0.000000,12.000000,0.000000,0.000000,0.000000,12.000000,0.000000
22,0.000000,0.000000,12.000000,0.000000,1.195245,-0.092388,12.000000,-0.154286
22,0.000000,0.000000,12.000000,0.000000,2.362095,-0.367357,12.000000,-0.308571
22,0.000000,0.000000,12.000000,0.000000,3.472829,-0.818375,12.000000,-0.462857
22,0.000000,0.000000,12.000000,0.000000,4.501059,-1.434726,12.000000,-0.617143
22,0.000000,0.000000,12.000000,0.000000,5.422358,-2.201769,12.000000,-0.771429
22,0.000000,0.000000,12.000000,0.000000,6.214838,-3.101281,12.000000,-0.925714
22,0.000000,0.000000,12.000000,0.000000,6.859673,-4.111891,12.000000,-1.080000
22,0.000000,0.000000,12.000000,0.000000,7.341544,-5.209592,12.000000,-1.234286
22,0.000000,0.000000,12.000000,0.000000,7.649002,-6.368305,12.000000,-1.388571
22,0.000000,0.000000,12.000000,0.000000,7.774744,-7.560503,12.000000,-1.542857
22,0.000000,0.000000,12.000000,0.000000,7.715782,-8.757862,12.000000,-1.697143
23,0.000000,0.000000,12.000000,0.000000,0.000000,0.000000,12.000000,0.000000
23,0.000000,0.000000,12.000000,0.000000,1.195590,-0.088979,12.000000,-0.148571
23,0.000000,0.000000,12.000000,0.000000,2.364838,-0.353956,12.000000,-0.297143
23,0.000000,0.000000,12.000000,0.000000,3.481982,-0.789092,12.000000,-0.445714
23,0.000000,0.000000,12.000000,0.000000,4.522408,-1.384800,12.000000,-0.594286
23,0.000000,0.000000,12.000000,0.000000,5.463192,-2.127955,12.000000,-0.742857
23,0.000000,0.000000,12.000000,0.000000,6.283606,-3.002182,12.000000,-0.891429
23,0.000000,0.000000,12.000000,0.000000,6.965574,-3.988222,12.000000,-1.040000
23,0.000000,0.000000,12.000000,0.000000,7.494070,-5.064347,12.000000,-1.188571
23,0.000000,0.000000,12.000000,0.000000,7.857450,-6.206848,12.000000,-1.337143
23,0.000000,0.000000,12.000000,0.000000,8.047708,-7.390552,12.000000,-1.485714
23,0.000000,0.000000,12.000000,0.000000,8.060651,-8.589379,12.000000,-1.634286
24,0.000000,0.000000,12.000000,0.000000,0.000000,0.000000,12.000000,0.000000
24,0.000000,0.000000,12.000000,0.000000,1.195923,-0.085569,12.000000,-0.142857
24,0.000000,0.000000,12.000000,0.000000,2.367480,-0.340531,12.000000,-0.285714
24,0.000000,0.000000,12.000000,0.000000,3.490804,-0.759693,12.000000,-0.428571
24,0.000000,0.000000,12.000000,0.000000,4.543008,-1.334515,12.000000,-0.571429
24,0.000000,0.000000,12.000000,0.000000,5.502655,-2.053285,12.000000,-0.714286
24,0.000000,0.000000,12.000000,0.000000,6.350194,-2.901360,12.000000,-0.857143
24,0.000000,0.000000,12.000000,0.000000,7.068357,-3.861461,12.000000,-1.000000
24,0.000000,0.000000,12.000000,0.000000,7.642514,-4.914028,12.000000,-1.142857
24,0.000000,0.000000,12.000000,0.000000,8.060965,-6.037617,12.000000,-1.285714
24,0.000000,0.000000,12.000000,0.000000,8.315187,-7.209336,12.000000,-1.428571
24,0.000000,0.000000,12.000000,0.000000,8.400000,-8.405312,12.000000,-1.571429
25,0.000000,0.000000,12.000000,0.000000,0.000000,0.000000,12.000000,0.000000
25,0.000000,0.000000,12.000000,0.000000,1.196242,-0.082157,12.000000,-0.137143
25,0.000000,0.000000,12.000000,0.000000,2.370020,-0.327085,12.000000,-0.274286
25,0.000000,0.000000,12.000000,0.000000,3.499292,-0.730184,12.000000,-0.411429
25,0.000000,0.000000,12.000000,0.000000,4.562853,-1.283885,12.000000,-0.548571
25,0.000000,0.000000,12.000000,0.000000,5.540728,-1.977790,12.000000,-0.685714
25,0.000000,0.000000,12.000000,0.000000,6.414556,-2.798868,12.000000,-0.822857
25,0.000000,0.000000,12.000000,0.000000,7.167927,-3.731701,12.000000,-0.960000
25,0.000000,0.000000,12.000000,0.000000,7.786694,-4.758771,12.000000,-1.097143
25,0.000000,0.000000,12.000000,0.000000,8.259236,-5.860791,12.000000,-1.234286
25,0.000000,0.000000,12.000000,0.000000,8.576681,-7.017066,12.000000,-1.371429
25,0.000000,0.000000,12.000000,0.000000,8.733067,-8.205884,12.000000,-1.508571
26,0.000000,0.000000,12.000000,0.000000,0.000000,0.000000,12.000000,0.000000
26,0.000000,0.000000,12.000000,0.000000,1.196548,-0.078744,12.000000,-0.131429
26,0.000000,0.000000,12.000000,0.000000,2.372458,-0.313617,12.000000,-0.262857
26,0.000000,0.000000,12.000000,0.000000,3.507446,-0.700567,12.000000,-0.394286
26,0.000000,0.000000,12.000000,0.000000,4.581935,-1.232922,12.000000,-0.525714
26,0.000000,0.000000,12.000000,0.000000,5.577393,-1.901498,12.000000,-0.657143
26,0.000000,0.000000,12.000000,0.000000,6.476648,-2.694762,12.000000,-0.788571
26,0.000000,0.000000,12.000000,0.000000,7.264189,-3.599034,12.000000,-0.920000
26,0.000000,0.000000,12.000000,0.000000,7.926434,-4.598714,12.000000,-1.051429
26,0.000000,0.000000,12.000000,0.000000,8.451958,-5.676560,12.000000,-1.182857
26,0.000000,0.000000,12.000000,0.000000,8.831698,-6.813981,12.000000,-1.314286
26,0.000000,0.000000,12.000000,0.000000,9.059104,-7.991358,12.000000,-1.445714
27,0.000000,0.000000,12.000000,0.000000,0.000000,0.000000,12.000000,0.000000
27,0.000000,0.000000,12.000000,0.000000,1.196842,-0.075329,12.000000,-0.125714
27,0.000000,0.000000,12.000000,0.000000,2.374793,-0.300128,12.000000,-0.251429
27,0.000000,0.000000,12.000000,0.000000,3.515263,-0.670849,12.000000,-0.377143
27,0.000000,0.000000,12.000000,0.000000,4.600250,-1.181640,12.000000,-0.502857
27,0.000000,0.000000,12.000000,0.000000,5.612631,-1.824439,12.000000,-0.628571
27,0.000000,0.000000,12.000000,0.000000,6.536425,-2.589101,12.000000,-0.754286
27,0.000000,0.000000,12.000000,0.000000,7.357054,-3.463558,12.000000,-0.880000
27,0.000000,0.000000,12.000000,0.000000,8.061563,-4.434006,12.000000,-1.005714
27,0.000000,0.000000,12.000000,0.000000,8.638835,-5.485130,12.000000,-1.131429
27,0.000000,0.000000,12.000000,0.000000,9.079758,-6.600340,12.000000,-1.257143
27,0.000000,0.000000,12.000000,0.000000,9.377373,-7.762032,12.000000,-1.382857
28,0.000000,0.000000,12.000000,0.000000,0.000000,0.000000,12.000000,0.000000
28,0.000000,0.000000,12.000000,0.000000,1.197122,-0.071914,12.000000,-0.120000
28,0.000000,0.000000,12.000000,0.000000,2.377026,-0.286620,12.000000,-0.240000
28,0.000000,0.000000,12.000000,0.000000,3.522743,-0.641032,12.000000,-0.360000
28,0.000000,0.000000,12.000000,0.000000,4.617792,-1.130051,12.000000,-0.480000
28,0.000000,0.000000,12.000000,0.000000,5.646425,-1.746644,12.000000,-0.600000
28,0.000000,0.000000,12.000000,0.000000,6.593847,-2.481943,12.000000,-0.720000
28,0.000000,0.000000,12.000000,0.000000,7.446432,-3.325372,12.000000,-0.840000
28,0.000000,0.000000,12.000000,0.000000,8.191916,-4.264800,12.000000,-0.960000
28,0.000000,0.000000,12.000000,0.000000,8.819579,-5.286717,12.000000,-1.080000
28,0.000000,0.000000,12.000000,0.000000,9.320392,-6.376423,12.000000,-1.200000
28,0.000000,0.000000,12.000000,0.000000,9.687152,-7.518246,12.000000,-1.320000
29,0.000000,0.000000,12.000000,0.000000,0.000000,0.000000,12.000000,0.000000
29,0.000000,0.000000,12.000000,0.000000,1.197390,-0.068497,12.000000,-0.114286
29,0.000000,0.000000,12.000000,0.000000,2.379157,-0.273094,12.000000,-0.228571
29,0.000000,0.000000,12.000000,0.000000,3.529883,-0.611121,12.000000,-0.342857
29,0.000000,0.000000,12.000000,0.000000,4.634555,-1.078169,12.000000,-0.457143
29,0.000000,0.000000,12.000000,0.000000,5.678760,-1.668143,12.000000,-0.571429
29,0.000000,0.000000,12.000000,0.000000,6.648873,-2.373347,12.000000,-0.685714
29,0.000000,0.000000,12.000000,0.000000,7.532239,-3.184580,12.000000,-0.800000
29,0.000000,0.000000,12.000000,0.000000,8.317332,-4.091257,12.000000,-0.914286
29,0.000000,0.000000,12.000000,0.000000,8.993908,-5.081548,12.000000,-1.028571
29,0.000000,0.000000,12.000000,0.000000,9.553141,-6.142535,12.000000,-1.142857
29,0.000000,0.000000,12.000000,0.000000,9.987734,-7.260373,12.000000,-1.257143
30,0.000000,0.000000,12.000000,0.000000,0.000000,0.000000,12.000000,0.000000
30,0.000000,0.000000,12.000000,0.000000,1.197644,-0.065079,12.000000,-0.108571
30,0.000000,0.000000,12.000000,0.000000,2.381184,-0.259549,12.000000,-0.217143
30,0.000000,0.000000,12.000000,0.000000,3.536683,-0.581121,12.000000,-0.325714
30,0.000000,0.000000,12.000000,0.000000,4.650533,-1.026007,12.000000,-0.434286
30,0.000000,0.000000,12.000000,0.000000,5.709618,-1.588968,12.000000,-0.542857
30,0.000000,0.000000,12.000000,0.000000,6.701466,-2.263375,12.000000,-0.651429
30,0.000000,0.000000,12.000000,0.000000,7.614395,-3.041286,12.000000,-0.760000
30,0.000000,0.000000,12.000000,0.000000,8.437656,-3.913540,12.000000,-0.868571
30,0.000000,0.000000,12.000000,0.000000,9.161554,-4.869866,12.000000,-0.977143
30,0.000000,0.000000,12.000000,0.000000,9.777564,-5.899000,12.000000,-1.085714
30,0.000000,0.000000,12.000000,0.000000,10.278431,-6.988825,12.000000,-1.194286
31,0.000000,0.000000,12.000000,0.000000,0.000000,0.000000,12.000000,0.000000
31,0.000000,0.000000,12.000000,0.000000,1.197885,-0.061660,12.000000,-0.102857
31,0.000000,0.000000,12.000000,0.000000,2.383109,-0.245988,12.000000,-0.205714
31,0.000000,0.000000,12.000000,0.000000,3.543142,-0.551035,12.000000,-0.308571
31,0.000000,0.000000,12.000000,0.000000,4.665723,-0.973578,12.000000,-0.411429
31,0.000000,0.000000,12.000000,0.000000,5.738986,-1.509150,12.000000,-0.514286
31,0.000000,0.000000,12.000000,0.000000,6.751587,-2.152089,12.000000,-0.617143
31,0.000000,0.000000,12.000000,0.000000,7.692821,-2.895600,12.000000,-0.720000
31,0.000000,0.000000,12.000000,0.000000,8.552741,-3.731823,12.000000,-0.822857
31,0.000000,0.000000,12.000000,0.000000,9.322256,-4.651920,12.000000,-0.925714
31,0.000000,0.000000,12.000000,0.000000,9.993231,-5.646165,12.000000,-1.028571
31,0.000000,0.000000,12.000000,0.000000,10.558576,-6.704048,12.000000,-1.131429
32,0.000000,0.000000,12.000000,0.000000,0.000000,0.000000,12.000000,0.000000
32,0.000000,0.000000,12.000000,0.000000,1.198114,-0.058240,12.000000,-0.097143
32,0.000000,0.000000,12.000000,0.000000,2.384930,-0.232410,12.000000,-0.194286
32,0.000000,0.000000,12.000000,0.000000,3.549258,-0.520869,12.000000,-0.291429
32,0.000000,0.000000,12.000000,0.000000,4.680119,-0.920896,12.000000,-0.388571
32,0.000000,0.000000,12.000000,0.000000,5.766849,-1.428720,12.000000,-0.485714
32,0.000000,0.000000,12.000000,0.000000,6.799202,-2.039551,12.000000,-0.582857
32,0.000000,0.000000,12.000000,0.000000,7.767443,-2.747631,12.000000,-0.680000
32,0.000000,0.000000,12.000000,0.000000,8.662443,-3.546282,12.000000,-0.777143
32,0.000000,0.000000,12.000000,0.000000,9.475762,-4.427974,12.000000,-0.874286
32,0.000000,0.000000,12.000000,0.000000,10.199730,-5.384393,12.000000,-0.971429
32,0.000000,0.000000,12.000000,0.000000,10.827523,-6.406521,12.000000,-1.068571
33,0.000000,0.000000,12.000000,0.000000,0.000000,0.000000,12.000000,0.000000
33,0.000000,0.000000,12.000000,0.000000,1.198329,-0.054819,12.000000,-0.091429
33,0.000000,0.000000,12.000000,0.000000,2.386648,-0.218818,12.000000,-0.182857
33,0.000000,0.000000,12.000000,0.000000,3.555030,-0.490627,12.000000,-0.274286
33,0.000000,0.000000,12.000000,0.000000,4.693716,-0.867975,12.000000,-0.365714
33,0.000000,0.000000,12.000000,0.000000,5.793193,-1.347711,12.000000,-0.457143
33,0.000000,0.000000,12.000000,0.000000,6.844278,-1.925827,12.000000,-0.548571
33,0.000000,0.000000,12.000000,0.000000,7.838190,-2.597493,12.000000,-0.640000
33,0.000000,0.000000,12.000000,0.000000,8.766627,-3.357100,12.000000,-0.731429
33,0.000000,0.000000,12.000000,0.000000,9.621833,-4.198301,12.000000,-0.822857
33,0.000000,0.000000,12.000000,0.000000,10.396665,-5.114071,12.000000,-0.914286
33,0.000000,0.000000,12.000000,0.000000,11.084649,-6.096758,12.000000,-1.005714
34,0.000000,0.000000,12.000000,0.000000,0.000000,0.000000,12.000000,0.000000
34,0.000000,0.000000,12.000000,0.000000,1.198531,-0.051397,12.000000,-0.085714
34,0.000000,0.000000,12.000000,0.000000,2.388262,-0.205211,12.000000,-0.171429
34,0.000000,0.000000,12.000000,0.000000,3.560458,-0.460312,12.000000,-0.257143
34,0.000000,0.000000,12.000000,0.000000,4.706510,-0.814828,12.000000,-0.342857
34,0.000000,0.000000,12.000000,0.000000,5.818006,-1.266155,12.000000,-0.428571
34,0.000000,0.000000,12.000000,0.000000,6.886783,-1.810980,12.000000,-0.514286
34,0.000000,0.000000,12.000000,0.000000,7.904995,-2.445301,12.000000,-0.600000
34,0.000000,0.000000,12.000000,0.000000,8.865164,-3.164463,12.000000,-0.685714
34,0.000000,0.000000,12.000000,0.000000,9.760242,-3.963184,12.000000,-0.771429
34,0.000000,0.000000,12.000000,0.000000,10.583655,-4.835599,12.000000,-0.857143
34,0.000000,0.000000,12.000000,0.000000,11.329359,-5.775304,12.000000,-0.942857
35,0.000000,0.000000,12.000000,0.000000,0.000000,0.000000,12.000000,0.000000
35,0.000000,0.000000,12.000000,0.000000,1.198720,-0.047974,12.000000,-0.080000
35,0.000000,0.000000,12.000000,0.000000,2.389773,-0.191591,12.000000,-0.160000
35,0.000000,0.000000,12.000000,0.000000,3.565539,-0.429930,12.000000,-0.240000
35,0.000000,0.000000,12.000000,0.000000,4.718498,-0.761469,12.000000,-0.320000
35,0.000000,0.000000,12.000000,0.000000,5.841275,-1.184085,12.000000,-0.400000
35,0.000000,0.000000,12.000000,0.000000,6.926688,-1.695076,12.000000,-0.480000
35,0.000000,0.000000,12.000000,0.000000,7.967793,-2.291173,12.000000,-0.560000
35,0.000000,0.000000,12.000000,0.000000,8.957932,-2.968564,12.000000,-0.640000
35,0.000000,0.000000,12.000000,0.000000,9.890770,-3.722914,12.000000,-0.720000
35,0.000000,0.000000,12.000000,0.000000,10.760342,-4.549399,12.000000,-0.800000
35,0.000000,0.000000,12.000000,0.000000,11.561083,-5.442733,12.000000,-0.880000
36,0.000000,0.000000,12.000000,0.000000,0.000000,0.000000,12.000000,0.000000
36,0.000000,0.000000,12.000000,0.000000,1.198897,-0.044551,12.000000,-0.074286
36,0.000000,0.000000,12.000000,0.000000,2.391180,-0.177958,12.000000,-0.148571
36,0.000000,0.000000,12.000000,0.000000,3.570275,-0.399485,12.000000,-0.222857
36,0.000000,0.000000,12.000000,0.000000,4.729676,-0.707911,12.000000,-0.297143
36,0.000000,0.000000,12.000000,0.000000,5.862989,-1.101534,12.000000,-0.371429
36,0.000000,0.000000,12.000000,0.000000,6.963963,-1.578183,12.000000,-0.445714
36,0.000000,0.000000,12.000000,0.000000,8.026525,-2.135229,12.000000,-0.520000
36,0.000000,0.000000,12.000000,0.000000,9.044814,-2.769599,12.000000,-0.594286
36,0.000000,0.000000,12.000000,0.000000,10.013214,-3.477794,12.000000,-0.668571
36,0.000000,0.000000,12.000000,0.000000,10.926382,-4.255908,12.000000,-0.742857
36,0.000000,0.000000,12.000000,0.000000,11.779282,-5.099650,12.000000,-0.817143
37,0.000000,0.000000,12.000000,0.000000,0.000000,0.000000,12.000000,0.000000
37,0.000000,0.000000,12.000000,0.000000,1.199060,-0.041127,12.000000,-0.068571
37,0.000000,0.000000,12.000000,0.000000,2.392484,-0.164314,12.000000,-0.137143
37,0.000000,0.000000,12.000000,0.000000,3.574663,-0.368982,12.000000,-0.205714
37,0.000000,0.000000,12.000000,0.000000,4.740040,-0.654169,12.000000,-0.274286
37,0.000000,0.000000,12.000000,0.000000,5.883138,-1.018535,12.000000,-0.342857
37,0.000000,0.000000,12.000000,0.000000,6.998584,-1.460367,12.000000,-0.411429
37,0.000000,0.000000,12.000000,0.000000,8.081136,-1.977589,12.000000,-0.480000
37,0.000000,0.000000,12.000000,0.000000,9.125704,-2.567769,12.000000,-0.548571
37,0.000000,0.000000,12.000000,0.000000,10.127380,-3.228133,12.000000,-0.617143
37,0.000000,0.000000,12.000000,0.000000,11.081455,-3.955579,12.000000,-0.685714
37,0.000000,0.000000,12.000000,0.000000,11.983445,-4.746685,12.000000,-0.754286
38,0.000000,0.000000,12.000000,0.000000,0.000000,0.000000,12.000000,0.000000
38,0.000000,0.000000,12.000000,0.000000,1.199210,-0.037702,12.000000,-0.062857
38,0.000000,0.000000,12.000000,0.000000,2.393683,-0.150659,12.000000,-0.125714
38,0.000000,0.000000,12.000000,0.000000,3.578702,-0.338424,12.000000,-0.188571
38,0.000000,0.000000,12.000000,0.000000,4.749587,-0.600256,12.000000,-0.251429
38,0.000000,0.000000,12.000000,0.000000,5.901711,-0.935122,12.000000,-0.314286
38,0.000000,0.000000,12.000000,0.000000,7.030526,-1.341697,12.000000,-0.377143
38,0.000000,0.000000,12.000000,0.000000,8.131572,-1.818377,12.000000,-0.440000
38,0.000000,0.000000,12.000000,0.000000,9.200500,-2.363279,12.000000,-0.502857
38,0.000000,0.000000,12.000000,0.000000,10.233089,-2.974250,12.000000,-0.565714
38,0.000000,0.000000,12.000000,0.000000,11.225260,-3.648878,12.000000,-0.628571
38,0.000000,0.000000,12.000000,0.000000,12.173095,-4.384497,12.000000,-0.691429
39,0.000000,0.000000,12.000000,0.000000,0.000000,0.000000,12.000000,0.000000
39,0.000000,0.000000,12.000000,0.000000,1.199347,-0.034276,12.000000,-0.057143
39,0.000000,0.000000,12.000000,0.000000,2.394779,-0.136994,12.000000,-0.114286
39,0.000000,0.000000,12.000000,0.000000,3.582393,-0.307816,12.000000,-0.171429
39,0.000000,0.000000,12.000000,0.000000,4.758313,-0.546187,12.000000,-0.228571
39,0.000000,0.000000,12.000000,0.000000,5.918700,-0.851328,12.000000,-0.285714
39,0.000000,0.000000,12.000000,0.000000,7.059766,-1.222242,12.000000,-0.342857
39,0.000000,0.000000,12.000000,0.000000,8.177785,-1.657719,12.000000,-0.400000
39,0.000000,0.000000,12.000000,0.000000,9.269109,-2.156338,12.000000,-0.457143
39,0.000000,0.000000,12.000000,0.000000,10.330175,-2.716469,12.000000,-0.514286
39,0.000000,0.000000,12.000000,0.000000,11.357519,-3.336287,12.000000,-0.571429
39,0.000000,0.000000,12.000000,0.000000,12.347787,-4.013765,12.000000,-0.628571
40,0.000000,0.000000,12.000000,0.000000,0.000000,0.000000,12.000000,0.000000
40,0.000000,0.000000,12.000000,0.000000,1.199471,-0.030850,12.000000,-0.051429
40,0.000000,0.000000,12.000000,0.000000,2.395770,-0.123320,12.000000,-0.102857
40,0.000000,0.000000,12.000000,0.000000,3.585735,-0.277164,12.000000,-0.154286
40,0.000000,0.000000,12.000000,0.000000,4.766217,-0.491976,12.000000,-0.205714
40,0.000000,0.000000,12.000000,0.000000,5.934096,-0.767187,12.000000,-0.257143
40,0.000000,0.000000,12.000000,0.000000,7.086283,-1.102071,12.000000,-0.308571
40,0.000000,0.000000,12.000000,0.000000,8.219732,-1.495741,12.000000,-0.360000
40,0.000000,0.000000,12.000000,0.000000,9.331446,-1.947156,12.000000,-0.411429
40,0.000000,0.000000,12.000000,0.000000,10.418484,-2.455124,12.000000,-0.462857
40,0.000000,0.000000,12.000000,0.000000,11.477972,-3.018299,12.000000,-0.514286
40,0.000000,0.000000,12.000000,0.000000,12.507109,-3.635195,12.000000,-0.565714
41,0.000000,0.000000,12.000000,0.000000,0.000000,0.000000,12.000000,0.000000
41,0.000000,0.000000,12.000000,0.000000,1.199582,-0.027424,12.000000,-0.045714
41,0.000000,0.000000,12.000000,0.000000,2.396658,-0.109638,12.000000,-0.091429
41,0.000000,0.000000,12.000000,0.000000,3.588726,-0.246470,12.000000,-0.137143
41,0.000000,0.000000,12.000000,0.000000,4.773295,-0.437636,12.000000,-0.182857
41,0.000000,0.000000,12.000000,0.000000,5.947891,-0.682734,12.000000,-0.228571
41,0.000000,0.000000,12.000000,0.000000,7.110060,-0.981254,12.000000,-0.274286
41,0.000000,0.000000,12.000000,0.000000,8.257372,-1.332570,12.000000,-0.320000
41,0.000000,0.000000,12.000000,0.000000,9.387431,-1.735950,12.000000,-0.365714
41,0.000000,0.000000,12.000000,0.000000,10.497876,-2.190551,12.000000,-0.411429
41,0.000000,0.000000,12.000000,0.000000,11.586386,-2.695422,12.000000,-0.457143
41,0.000000,0.000000,12.000000,0.000000,12.650688,-3.249509,12.000000,-0.502857
42,0.000000,0.000000,12.000000,0.000000,0.000000,0.000000,12.000000,0.000000
42,0.000000,0.000000,12.000000,0.000000,1.199680,-0.023997,12.000000,-0.040000
42,0.000000,0.000000,12.000000,0.000000,2.397441,-0.095949,12.000000,-0.080000
42,0.000000,0.000000,12.000000,0.000000,3.591366,-0.215741,12.000000,-0.120000
42,0.000000,0.000000,12.000000,0.000000,4.779546,-0.383181,12.000000,-0.160000
42,0.000000,0.000000,12.000000,0.000000,5.960080,-0.598003,12.000000,-0.200000
42,0.000000,0.000000,12.000000,0.000000,7.131079,-0.859861,12.000000,-0.240000
42,0.000000,0.000000,12.000000,0.000000,8.290669,-1.168337,12.000000,-0.280000
42,0.000000,0.000000,12.000000,0.000000,9.436997,-1.522937,12.000000,-0.320000
42,0.000000,0.000000,12.000000,0.000000,10.568227,-1.923095,12.000000,-0.360000
42,0.000000,0.000000,12.000000,0.000000,11.682550,-2.368170,12.000000,-0.400000
42,0.000000,0.000000,12.000000,0.000000,12.778184,-2.857450,12.000000,-0.440000
43,0.000000,0.000000,12.000000,0.000000,0.000000,0.000000,12.000000,0.000000
43,0.000000,0.000000,12.000000,0.000000,1.199765,-0.020569,12.000000,-0.034286
43,0.000000,0.000000,12.000000,0.000000,2.398120,-0.082253,12.000000,-0.068571
43,0.000000,0.000000,12.000000,0.000000,3.593656,-0.184980,12.000000,-0.102857
43,0.000000,0.000000,12.000000,0.000000,4.784968,-0.328627,12.000000,-0.137143
43,0.000000,0.000000,12.000000,0.000000,5.970655,-0.513027,12.000000,-0.171429
43,0.000000,0.000000,12.000000,0.000000,7.149325,-0.737963,12.000000,-0.205714
43,0.000000,0.000000,12.000000,0.000000,8.319592,-1.003171,12.000000,-0.240000
43,0.000000,0.000000,12.000000,0.000000,9.480080,-1.308338,12.000000,-0.274286
43,0.000000,0.000000,12.000000,0.000000,10.629425,-1.653106,12.000000,-0.308571
43,0.000000,0.000000,12.000000,0.000000,11.766276,-2.037070,12.000000,-0.342857
43,0.000000,0.000000,12.000000,0.000000,12.889297,-2.459778,12.000000,-0.377143
44,0.000000,0.000000,12.000000,0.000000,0.000000,0.000000,12.000000,0.000000
44,0.000000,0.000000,12.000000,0.000000,1.199837,-0.017142,12.000000,-0.028571
44,0.000000,0.000000,12.000000,0.000000,2.398694,-0.068553,12.000000,-0.057143
44,0.000000,0.000000,12.000000,0.000000,3.595593,-0.154191,12.000000,-0.085714
44,0.000000,0.000000,12.000000,0.000000,4.789558,-0.273987,12.000000,-0.114286
44,0.000000,0.000000,12.000000,0.000000,5.979613,-0.427843,12.000000,-0.142857
44,0.000000,0.000000,12.000000,0.000000,7.164786,-0.615633,12.000000,-0.171429
44,0.000000,0.000000,12.000000,0.000000,8.344112,-0.837204,12.000000,-0.200000
44,0.000000,0.000000,12.000000,0.000000,9.516626,-1.092374,12.000000,-0.228571
44,0.000000,0.000000,12.000000,0.000000,10.681372,-1.380937,12.000000,-0.257143
44,0.000000,0.000000,12.000000,0.000000,11.837400,-1.702656,12.000000,-0.285714
44,0.000000,0.000000,12.000000,0.000000,12.983765,-2.057268,12.000000,-0.314286
45,0.000000,0.000000,12.000000,0.000000,0.000000,0.000000,12.000000,0.000000
45,0.000000,0.000000,12.000000,0.000000,1.199896,-0.013714,12.000000,-0.022857
45,0.000000,0.000000,12.000000,0.000000,2.399164,-0.054848,12.000000,-0.045714
45,0.000000,0.000000,12.000000,0.000000,3.597179,-0.123380,12.000000,-0.068571
45,0.000000,0.000000,12.000000,0.000000,4.793315,-0.219276,12.000000,-0.091429
45,0.000000,0.000000,12.000000,0.000000,5.986947,-0.342484,12.000000,-0.114286
45,0.000000,0.000000,12.000000,0.000000,7.177451,-0.492941,12.000000,-0.137143
45,0.000000,0.000000,12.000000,0.000000,8.364206,-0.670568,12.000000,-0.160000
45,0.000000,0.000000,12.000000,0.000000,9.546591,-0.875271,12.000000,-0.182857
45,0.000000,0.000000,12.000000,0.000000,10.723988,-1.106945,12.000000,-0.205714
45,0.000000,0.000000,12.000000,0.000000,11.895783,-1.365468,12.000000,-0.228571
45,0.000000,0.000000,12.000000,0.000000,13.061363,-1.650705,12.000000,-0.251429
46,0.000000,0.000000,12.000000,0.000000,0.000000,0.000000,12.000000,0.000000
46,0.000000,0.000000,12.000000,0.000000,1.199941,-0.010285,12.000000,-0.017143
46,0.000000,0.000000,12.000000,0.000000,2.399530,-0.041139,12.000000,-0.034286
46,0.000000,0.000000,12.000000,0.000000,3.598413,-0.092551,12.000000,-0.051429
46,0.000000,0.000000,12.000000,0.000000,4.796239,-0.164507,12.000000,-0.068571
46,0.000000,0.000000,12.000000,0.000000,5.992656,-0.256985,12.000000,-0.085714
46,0.000000,0.000000,12.000000,0.000000,7.187311,-0.369959,12.000000,-0.102857
46,0.000000,0.000000,12.000000,0.000000,8.379855,-0.503395,12.000000,-0.120000
46,0.000000,0.000000,12.000000,0.000000,9.569935,-0.657255,12.000000,-0.137143
46,0.000000,0.000000,12.000000,0.000000,10.757204,-0.831491,12.000000,-0.154286
46,0.000000,0.000000,12.000000,0.000000,11.941311,-1.026055,12.000000,-0.171429
46,0.000000,0.000000,12.000000,0.000000,13.121909,-1.240888,12.000000,-0.188571
47,0.000000,0.000000,12.000000,0.000000,0.000000,0.000000,12.000000,0.000000
47,0.000000,0.000000,12.000000,0.000000,1.199974,-0.006857,12.000000,-0.011429
47,0.000000,0.000000,12.000000,0.000000,2.399791,-0.027427,12.000000,-0.022857
47,0.000000,0.000000,12.000000,0.000000,3.599295,-0.061708,12.000000,-0.034286
47,0.000000,0.000000,12.000000,0.000000,4.798328,-0.109695,12.000000,-0.045714
47,0.000000,0.000000,12.000000,0.000000,5.996735,-0.171382,12.000000,-0.057143
47,0.000000,0.000000,12.000000,0.000000,7.194359,-0.246760,12.000000,-0.068571
47,0.000000,0.000000,12.000000,0.000000,8.391043,-0.335821,12.000000,-0.080000
47,0.000000,0.000000,12.000000,0.000000,9.586631,-0.438552,12.000000,-0.091429
47,0.000000,0.000000,12.000000,0.000000,10.780967,-0.554939,12.000000,-0.102857
47,0.000000,0.000000,12.000000,0.000000,11.973895,-0.684968,12.000000,-0.114286
47,0.000000,0.000000,12.000000,0.000000,13.165258,-0.828622,12.000000,-0.125714
48,0.000000,0.000000,12.000000,0.000000,0.000000,0.000000,12.000000,0.000000
48,0.000000,0.000000,12.000000,0.000000,1.199993,-0.003429,12.000000,-0.005714
48,0.000000,0.000000,12.000000,0.000000,2.399948,-0.013714,12.000000,-0.011429
48,0.000000,0.000000,12.000000,0.000000,3.599824,-0.030856,12.000000,-0.017143
48,0.000000,0.000000,12.000000,0.000000,4.799582,-0.054855,12.000000,-0.022857
48,0.000000,0.000000,12.000000,0.000000,5.999184,-0.085708,12.000000,-0.028571
48,0.000000,0.000000,12.000000,0.000000,7.198589,-0.123416,12.000000,-0.034286
48,0.000000,0.000000,12.000000,0.000000,8.397760,-0.167978,12.000000,-0.040000
48,0.000000,0.000000,12.000000,0.000000,9.596657,-0.219390,12.000000,-0.045714
48,0.000000,0.000000,12.000000,0.000000,10.795240,-0.277653,12.000000,-0.051429
48,0.000000,0.000000,12.000000,0.000000,11.993470,-0.342764,12.000000,-0.057143
48,0.000000,0.000000,12.000000,0.000000,13.191309,-0.414721,12.000000,-0.062857
49,0.000000,0.000000,12.000000,0.000000,0.000000,0.000000,12.000000,0.000000
49,0.000000,0.000000,12.000000,0.000000,1.200000,0.000000,12.000000,0.000000
49,0.000000,0.000000,12.000000,0.000000,2.400000,0.000000,12.000000,0.000000
49,0.000000,0.000000,12.000000,0.000000,3.600000,0.000000,12.000000,0.000000
49,0.000000,0.000000,12.000000,0.000000,4.800000,0.000000,12.000000,0.000000
49,0.000000,0.000000,12.000000,0.000000,6.000000,0.000000,12.000000,0.000000
49,0.000000,0.000000,12.000000,0.000000,7.200000,0.000000,12.000000,0.000000
49,0.000000,0.000000,12.000000,0.000000,8.400000,0.000000,12.000000,0.000000
49,0.000000,0.000000,12.000000,0.000000,9.600000,0.000000,12.000000,0.000000
49,0.000000,0.000000,12.000000,0.000000,10.800000,0.000000,12.000000,0.000000
49,0.000000,0.000000,12.000000,0.000000,12.000000,0.000000,12.000000,0.000000
49,0.000000,0.000000,12.000000,0.000000,13.200000,0.000000,12.000000,0.000000
50,0.000000,0.000000,12.000000,0.000000,0.000000,0.000000,12.000000,0.000000
50,0.000000,0.000000,12.000000,0.000000,1.199993,0.003429,12.000000,0.005714
50,0.000000,0.000000,12.000000,0.000000,2.399948,0.013714,12.000000,0.011429
50,0.000000,0.000000,12.000000,0.000000,3.599824,0.030856,12.000000,0.017143
50,0.000000,0.000000,12.000000,0.000000,4.799582,0.054855,12.000000,0.022857
50,0.000000,0.000000,12.000000,0.000000,5.999184,0.085708,12.000000,0.028571
50,0.000000,0.000000,12.000000,0.000000,7.198589,0.123416,12.000000,0.034286
50,0.000000,0.000000,12.000000,0.000000,8.397760,0.167978,12.000000,0.040000
50,0.000000,0.000000,12.000000,0.000000,9.596657,0.219390,12.000000,0.045714
50,0.000000,0.000000,12.000000,0.000000,10.795240,0.277653,12.000000,0.051429
50,0.000000,0.000000,12.000000,0.000000,11.993470,0.342764,12.000000,0.057143
50,0.000000,0.000000,12.000000,0.000000,13.191309,0.414721,12.000000,0.062857
51,0.000000,0.000000,12.000000,0.000000,0.000000,0.000000,12.000000,0.000000
51,0.000000,0.000000,12.000000,0.000000,1.199974,0.006857,12.000000,0.011429
51,0.000000,0.000000,12.000000,0.000000,2.399791,0.027427,12.000000,0.022857
51,0.000000,0.000000,12.000000,0.000000,3.599295,0.061708,12.000000,0.034286
51,0.000000,0.000000,12.000000,0.000000,4.798328,0.109695,12.000000,0.045714
51,0.000000,0.000000,12.000000,0.000000,5.996735,0.171382,12.000000,0.057143
51,0.000000,0.000000,12.000000,0.000000,7.194359,0.246760,12.000000,0.068571
51,0.000000,0.000000,12.000000,0.000000,8.391043,0.335821,12.000000,0.080000
51,0.000000,0.000000,12.000000,0.000000,9.586631,0.438552,12.000000,0.091429
51,0.000000,0.000000,12.000000,0.000000,10.780967,0.554939,12.000000,0.102857
51,0.000000,0.000000,12.000000,0.000000,11.973895,0.684968,12.000000,0.114286
51,0.000000,0.000000,12.000000,0.000000,13.165258,0.828622,12.000000,0.125714
52,0.000000,0.000000,12.000000,0.000000,0.000000,0.000000,12.000000,0.000000
52,0.000000,0.000000,12.000000,0.000000,1.199941,0.010285,12.000000,0.017143
52,0.000000,0.000000,12.000000,0.000000,2.399530,0.041139,12.000000,0.034286
52,0.000000,0.000000,12.000000,0.000000,3.598413,0.092551,12.000000,0.051429
52,0.000000,0.000000,12.000000,0.000000,4.796239,0.164507,12.000000,0.068571
52,0.000000,0.000000,12.000000,0.000000,5.992656,0.256985,12.000000,0.085714
52,0.000000,0.000000,12.000000,0.000000,7.187311,0.369959,12.000000,0.102857
52,0.000000,0.000000,12.000000,0.000000,8.379855,0.503395,12.000000,0.120000
52,0.000000,0.000000,12.000000,0.000000,9.569935,0.657255,12.000000,0.137143
52,0.000000,0.000000,12.000000,0.000000,10.757204,0.831491,12.000000,0.154286
52,0.000000,0.000000,12.000000,0.000000,11.941311,1.026055,12.000000,0.171429
52,0.000000,0.000000,12.000000,0.000000,13.121909,1.240888,12.000000,0.188571
53,0.000000,0.000000,12.000000,0.000000,0.000000,0.000000,12.000000,0.000000
53,0.000000,0.000000,12.000000,0.000000,1.199896,0.013714,12.000000,0.022857
53,0.000000,0.000000,12.000000,0.000000,2.399164,0.054848,12.000000,0.045714
53,0.000000,0.000000,12.000000,0.000000,3.597179,0.123380,12.000000,0.068571
53,0.000000,0.000000,12.000000,0.000000,4.793315,0.219276,12.000000,0.091429
53,0.000000,0.000000,12.000000,0.000000,5.986947,0.342484,12.000000,0.114286
53,0.000000,0.000000,12.000000,0.000000,7.177451,0.492941,12.000000,0.137143
53,0.000000,0.000000,12.000000,0.000000,8.364206,0.670568,12.000000,0.160000
53,0.000000,0.000000,12.000000,0.000000,9.546591,0.875271,12.000000,0.182857
53,0.000000,0.000000,12.000000,0.000000,10.723988,1.106945,12.000000,0.205714
53,0.000000,0.000000,12.000000,0.000000,11.895783,1.365468,12.000000,0.228571
53,0.000000,0.000000,12.000000,0.000000,13.061363,1.650705,12.000000,0.251429
54,0.000000,0.000000,12.000000,0.000000,0.000000,0.000000,12.000000,0.000000
54,0.000000,0.000000,12.000000,0.000000,1.199837,0.017142,12.000000,0.028571
54,0.000000,0.000000,12.000000,0.000000,2.398694,0.068553,12.000000,0.057143
54,0.000000,0.000000,12.000000,0.000000,3.595593,0.154191,12.000000,0.085714
54,0.000000,0.000000,12.000000,0.000000,4.789558,0.273987,12.000000,0.114286
54,0.000000,0.000000,12.000000,0.000000,5.979613,0.427843,12.000000,0.142857
54,0.000000,0.000000,12.000000,0.000000,7.164786,0.615633,12.000000,0.171429
54,0.000000,0.000000,12.000000,0.000000,8.344112,0.837204,12.000000,0.200000
54,0.000000,0.000000,12.000000,0.000000,9.516626,1.092374,12.000000,0.228571
54,0.000000,0.000000,12.000000,0.000000,10.681372,1.380937,12.000000,0.257143
54,0.000000,0.000000,12.000000,0.000000,11.837400,1.702656,12.000000,0.285714
54,0.000000,0.000000,12.000000,0.000000,12.983765,2.057268,12.000000,0.314286
55,0.000000,0.000000,12.000000,0.000000,0.000000,0.000000,12.000000,0.000000
55,0.000000,0.000000,12.000000,0.000000,1.199765,0.020569,12.000000,0.034286
55,0.000000,0.000000,12.000000,0.000000,2.398120,0.082253,12.000000,0.068571
55,0.000000,0.000000,12.000000,0.000000,3.593656,0.184980,12.000000,0.102857
55,0.000000,0.000000,12.000000,0.000000,4.784968,0.328627,12.000000,0.137143
55,0.000000,0.000000,12.000000,0.000000,5.970655,0.513027,12.000000,0.171429
55,0.000000,0.000000,12.000000,0.000000,7.149325,0.737963,12.000000,0.205714
55,0.000000,0.000000,12.000000,0.000000,8.319592,1.003171,12.000000,0.240000
55,0.000000,0.000000,12.000000,0.000000,9.480080,1.308338,12.000000,0.274286
55,0.000000,0.000000,12.000000,0.000000,10.629425,1.653106,12.000000,0.308571
55,0.000000,0.000000,12.000000,0.000000,11.766276,2.037070,12.000000,0.342857
55,0.000000,0.000000,12.000000,0.000000,12.889297,2.459778,12.000000,0.377143
56,0.000000,0.000000,12.000000,0.000000,0.000000,0.000000,12.000000,0.000000
56,0.000000,0.000000,12.000000,0.000000,1.199680,0.023997,12.000000,0.040000
56,0.000000,0.000000,12.000000,0.000000,2.397441,0.095949,12.000000,0.080000
56,0.000000,0.000000,12.000000,0.000000,3.591366,0.215741,12.000000,0.120000
56,0.000000,0.000000,12.000000,0.000000,4.779546,0.383181,12.000000,0.160000
56,0.000000,0.000000,12.000000,0.000000,5.960080,0.598003,12.000000,0.200000
56,0.000000,0.000000,12.000000,0.000000,7.131079,0.859861,12.000000,0.240000
56,0.000000,0.000000,12.000000,0.000000,8.290669,1.168337,12.000000,0.280000
56,0.000000,0.000000,12.000000,0.000000,9.436997,1.522937,12.000000,0.320000
56,0.000000,0.000000,12.000000,0.000000,10.568227,1.923095,12.000000,0.360000
56,0.000000,0.000000,12.000000,0.000000,11.682550,2.368170,12.000000,0.400000
56,0.000000,0.000000,12.000000,0.000000,12.778184,2.857450,12.000000,0.440000
57,0.000000,0.000000,12.000000,0.000000,0.000000,0.000000,12.000000,0.000000
57,0.000000,0.000000,12.000000,0.000000,1.199582,0.027424,12.000000,0.045714
57,0.000000,0.000000,12.000000,0.000000,2.396658,0.109638,12.000000,0.091429
57,0.000000,0.000000,12.000000,0.000000,3.588726,0.246470,12.000000,0.137143
57,0.000000,0.000000,12.000000,0.000000,4.773295,0.437636,12.000000,0.182857
57,0.000000,0.000000,12.000000,0.000000,5.947891,0.682734,12.000000,0.228571
57,0.000000,0.000000,12.000000,0.000000,7.110060,0.981254,12.000000,0.274286
57,0.000000,0.000000,12.000000,0.000000,8.257372,1.332570,12.000000,0.320000
57,0.000000,0.000000,12.000000,0.000000,9.387431,1.735950,12.000000,0.365714
57,0.000000,0.000000,12.000000,0.000000,10.497876,2.190551,12.000000,0.411429
57,0.000000,0.000000,12.000000,0.000000,11.586386,2.695422,12.000000,0.457143
57,0.000000,0.000000,12.000000,0.000000,12.650688,3.249509,12.000000,0.502857
58,0.000000,0.000000,12.000000,0.000000,0.000000,0.000000,12.000000,0.000000
58,0.000000,0.000000,12.000000,0.000000,1.199471,0.030850,12.000000,0.051429
58,0.000000,0.000000,12.000000,0.000000,2.395770,0.123320,12.000000,0.102857
58,0.000000,0.000000,12.000000,0.000000,3.585735,0.277164,12.000000,0.154286
58,0.000000,0.000000,12.000000,0.000000,4.766217,0.491976,12.000000,0.205714
58,0.000000,0.000000,12.000000,0.000000,5.934096,0.767187,12.000000,0.257143
58,0.000000,0.000000,12.000000,0.000000,7.086283,1.102071,12.000000,0.308571
58,0.000000,0.000000,12.000000,0.000000,8.219732,1.495741,12.000000,0.360000
58,0.000000,0.000000,12.000000,0.000000,9.331446,1.947156,12.000000,0.411429
58,0.000000,0.000000,12.000000,0.000000,10.418484,2.455124,12.000000,0.462857
58,0.000000,0.000000,12.000000,0.000000,11.477972,3.018299,12.000000,0.514286
58,0.000000,0.000000,12.000000,0.000000,12.507109,3.635195,12.000000,0.565714
59,0.000000,0.000000,12.000000,0.000000,0.000000,0.000000,12.000000,0.000000
59,0.000000,0.000000,12.000000,0.000000,1.199347,0.034276,12.000000,0.057143
59,0.000000,0.000000,12.000000,0.000000,2.394779,0.136994,12.000000,0.114286
59,0.000000,0.000000,12.000000,0.000000,3.582393,0.307816,12.000000,0.171429
59,0.000000,0.000000,12.000000,0.000000,4.758313,0.546187,12.000000,0.228571
59,0.000000,0.000000,12.000000,0.000000,5.918700,0.851328,12.000000,0.285714
59,0.000000,0.000000,12.000000,0.000000,7.059766,1.222242,12.000000,0.342857
59,0.000000,0.000000,12.000000,0.000000,8.177785,1.657719,12.000000,0.400000
59,0.000000,0.000000,12.000000,0.000000,9.269109,2.156338,12.000000,0.457143
59,0.000000,0.000000,12.000000,0.000000,10.330175,2.716469,12.000000,0.514286
59,0.000000,0.000000,12.000000,0.000000,11.357519,3.336287,12.000000,0.571429
59,0.000000,0.000000,12.000000,0.000000,12.347787,4.013765,12.000000,0.628571
60,0.000000,0.000000,12.000000,0.000000,0.000000,0.000000,12.000000,0.000000
60,0.000000,0.000000,12.000000,0.000000,1.199210,0.037702,12.000000,0.062857
60,0.000000,0.000000,12.000000,0.000000,2.393683,0.150659,12.000000,0.125714
60,0.000000,0.000000,12.000000,0.000000,3.578702,0.338424,12.000000,0.188571
60,0.000000,0.000000,12.000000,0.000000,4.749587,0.600256,12.000000,0.251429
60,0.000000,0.000000,12.000000,0.000000,5.901711,0.935122,12.000000,0.314286
60,0.000000,0.000000,12.000000,0.000000,7.030526,1.341697,12.000000,0.377143
60,0.000000,0.000000,12.000000,0.000000,8.131572,1.818377,12.000000,0.440000
60,0.000000,0.000000,12.000000,0.000000,9.200500,2.363279,12.000000,0.502857
60,0.000000,0.000000,12.000000,0.000000,10.233089,2.974250,12.000000,0.565714
60,0.000000,0.000000,12.000000,0.000000,11.225260,3.648878,12.000000,0.628571
60,0.000000,0.000000,12.000000,0.000000,12.173095,4.384497,12.000000,0.691429
61,0.000000,0.000000,12.000000,0.000000,0.000000,0.000000,12.000000,0.000000
61,0.000000,0.000000,12.000000,0.000000,1.199060,0.041127,12.000000,0.068571
61,0.000000,0.000000,12.000000,0.000000,2.392484,0.164314,12.000000,0.137143
61,0.000000,0.000000,12.000000,0.000000,3.574663,0.368982,12.000000,0.205714
61,0.000000,0.000000,12.000000,0.000000,4.740040,0.654169,12.000000,0.274286
61,0.000000,0.000000,12.000000,0.000000,5.883138,1.018535,12.000000,0.342857
61,0.000000,0.000000,12.000000,0.000000,6.998584,1.460367,12.000000,0.411429
61,0.000000,0.000000,12.000000,0.000000,8.081136,1.977589,12.000000,0.480000
61,0.000000,0.000000,12.000000,0.000000,9.125704,2.567769,12.000000,0.548571
61,0.000000,0.000000,12.000000,0.000000,10.127380,3.228133,12.000000,0.617143
61,0.000000,0.000000,12.000000,0.000000,11.081455,3.955579,12.000000,0.685714
61,0.000000,0.000000,12.000000,0.000000,11.983445,4.746685,12.000000,0.754286
62,0.000000,0.000000,12.000000,0.000000,0.000000,0.000000,12.000000,0.000000
62,0.000000,0.000000,12.000000,0.000000,1.198897,0.044551,12.000000,0.074286
62,0.000000,0.000000,12.000000,0.000000,2.391180,0.177958,12.000000,0.148571
62,0.000000,0.000000,12.000000,0.000000,3.570275,0.399485,12.000000,0.222857
62,0.000000,0.000000,12.000000,0.000000,4.729676,0.707911,12.000000,0.297143
62,0.000000,0.000000,12.000000,0.000000,5.862989,1.101534,12.000000,0.371429
62,0.000000,0.000000,12.000000,0.000000,6.963963,1.578183,12.000000,0.445714
62,0.000000,0.000000,12.000000,0.000000,8.026525,2.135229,12.000000,0.520000
62,0.000000,0.000000,12.000000,0.000000,9.044814,2.769599,12.000000,0.594286
62,0.000000,0.000000,12.000000,0.000000,10.013214,3.477794,12.000000,0.668571
62,0.000000,0.000000,12.000000,0.000000,10.926382,4.255908,12.000000,0.742857
62,0.000000,0.000000,12.000000,0.000000,11.779282,5.099650,12.000000,0.817143
63,0.000000,0.000000,12.000000,0.000000,0.000000,0.000000,12.000000,0.000000
63,0.000000,0.000000,12.000000,0.000000,1.198720,0.047974,12.000000,0.080000
63,0.000000,0.000000,12.000000,0.000000,2.389773,0.191591,12.000000,0.160000
63,0.000000,0.000000,12.000000,0.000000,3.565539,0.429930,12.000000,0.240000
63,0.000000,0.000000,12.000000,0.000000,4.718498,0.761469,12.000000,0.320000
63,0.000000,0.000000,12.000000,0.000000,5.841275,1.184085,12.000000,0.400000
63,0.000000,0.000000,12.000000,0.000000,6.926688,1.695076,12.000000,0.480000
63,0.000000,0.000000,12.000000,0.000000,7.967793,2.291173,12.000000,0.560000
63,0.000000,0.000000,12.000000,0.000000,8.957932,2.968564,12.000000,0.640000
63,0.000000,0.000000,12.000000,0.000000,9.890770,3.722914,12.000000,0.720000
63,0.000000,0.000000,12.000000,0.000000,10.760342,4.549399,12.000000,0.800000
63,0.000000,0.000000,12.000000,0.000000,11.561083,5.442733,12.000000,0.880000
64,0.000000,0.000000,12.000000,0.000000,0.000000,0.000000,12.000000,0.000000
64,0.000000,0.000000,12.000000,0.000000,1.198531,0.051397,12.000000,0.085714
64,0.000000,0.000000,12.000000,0.000000,2.388262,0.205211,12.000000,0.171429
64,0.000000,0.000000,12.000000,0.000000,3.560458,0.460312,12.000000,0.257143
64,0.000000,0.000000,12.000000,0.000000,4.706510,0.814828,12.000000,0.342857
64,0.000000,0.000000,12.000000,0.000000,5.818006,1.266155,12.000000,0.428571
64,0.000000,0.000000,12.000000,0.000000,6.886783,1.810980,12.000000,0.514286
64,0.000000,0.000000,12.000000,0.000000,7.904995,2.445301,12.000000,0.600000
64,0.000000,0.000000,12.000000,0.000000,8.865164,3.164463,12.000000,0.685714
64,0.000000,0.000000,12.000000,0.000000,9.760242,3.963184,12.000000,0.771429
64,0.000000,0.000000,12.000000,0.000000,10.583655,4.835599,12.000000,0.857143
64,0.000000,0.000000,12.000000,0.000000,11.329359,5.775304,12.000000,0.942857
65,0.000000,0.000000,12.000000,0.000000,0.000000,0.000000,12.000000,0.000000
65,0.000000,0.000000,12.000000,0.000000,1.198329,0.054819,12.000000,0.091429
65,0.000000,0.000000,12.000000,0.000000,2.386648,0.218818,12.000000,0.182857
65,0.000000,0.000000,12.000000,0.000000,3.555030,0.490627,12.000000,0.274286
65,0.000000,0.000000,12.000000,0.000000,4.693716,0.867975,12.000000,0.365714
65,0.000000,0.000000,12.000000,0.000000,5.793193,1.347711,12.000000,0.457143
65,0.000000,0.000000,12.000000,0.000000,6.844278,1.925827,12.000000,0.548571
65,0.000000,0.000000,12.000000,0.000000,7.838190,2.597493,12.000000,0.640000
65,0.000000,0.000000,12.000000,0.000000,8.766627,3.357100,12.000000,0.731429
65,0.000000,0.000000,12.000000,0.000000,9.621833,4.198301,12.000000,0.822857
65,0.000000,0.000000,12.000000,0.000000,10.396665,5.114071,12.000000,0.914286
65,0.000000,0.000000,12.000000,0.000000,11.084649,6.096758,12.000000,1.005714
66,0.000000,0.000000,12.000000,0.000000,0.000000,0.000000,12.000000,0.000000
66,0.000000,0.000000,12.000000,0.000000,1.198114,0.058240,12.000000,0.097143
66,0.000000,0.000000,12.000000,0.000000,2.384930,0.232410,12.000000,0.194286
66,0.000000,0.000000,12.000000,0.000000,3.549258,0.520869,12.000000,0.291429
66,0.000000,0.000000,12.000000,0.000000,4.680119,0.920896,12.000000,0.388571
66,0.000000,0.000000,12.000000,0.000000,5.766849,1.428720,12.000000,0.485714
66,0.000000,0.000000,12.000000,0.000000,6.799202,2.039551,12.000000,0.582857
66,0.000000,0.000000,12.000000,0.000000,7.767443,2.747631,12.000000,0.680000
66,0.000000,0.000000,12.000000,0.000000,8.662443,3.546282,12.000000,0.777143
66,0.000000,0.000000,12.000000,0.000000,9.475762,4.427974,12.000000,0.874286
66,0.000000,0.000000,12.000000,0.000000,10.199730,5.384393,12.000000,0.971429
66,0.000000,0.000000,12.000000,0.000000,10.827523,6.406521,12.000000,1.068571
67,0.000000,0.000000,12.000000,0.000000,0.000000,0.000000,12.000000,0.000000
67,0.000000,0.000000,12.000000,0.000000,1.197885,0.061660,12.000000,0.102857
67,0.000000,0.000000,12.000000,0.000000,2.383109,0.245988,12.000000,0.205714
67,0.000000,0.000000,12.000000,0.000000,3.543142,0.551035,12.000000,0.308571
67,0.000000,0.000000,12.000000,0.000000,4.665723,0.973578,12.000000,0.411429
67,0.000000,0.000000,12.000000,0.000000,5.738986,1.509150,12.000000,0.514286
67,0.000000,0.000000,12.000000,0.000000,6.751587,2.152089,12.000000,0.617143
67,0.000000,0.000000,12.000000,0.000000,7.692821,2.895600,12.000000,0.720000
67,0.000000,0.000000,12.000000,0.000000,8.552741,3.731823,12.000000,0.822857
67,0.000000,0.000000,12.000000,0.000000,9.322256,4.651920,12.000000,0.925714
67,0.000000,0.000000,12.000000,0.000000,9.993231,5.646165,12.000000,1.028571
67,0.000000,0.000000,12.000000,0.000000,10.558576,6.704048,12.000000,1.131429
68,0.000000,0.000000,12.000000,0.000000,0.000000,0.000000,12.000000,0.000000
68,0.000000,0.000000,12.000000,0.000000,1.197644,0.065079,12.000000,0.108571
68,0.000000,0.000000,12.000000,0.000000,2.381184,0.259549,12.000000,0.217143
68,0.000000,0.000000,12.000000,0.000000,3.536683,0.581121,12.000000,0.325714
68,0.000000,0.000000,12.000000,0.000000,4.650533,1.026007,12.000000,0.434286
68,0.000000,0.000000,12.000000,0.000000,5.709618,1.588968,12.000000,0.542857
68,0.000000,0.000000,12.000000,0.000000,6.701466,2.263375,12.000000,0.651429
68,0.000000,0.000000,12.000000,0.000000,7.614395,3.041286,12.000000,0.760000
68,0.000000,0.000000,12.000000,0.000000,8.437656,3.913540,12.000000,0.868571
68,0.000000,0.000000,12.000000,0.000000,9.161554,4.869866,12.000000,0.977143
68,0.000000,0.000000,12.000000,0.000000,9.777564,5.899000,12.000000,1.085714
68,0.000000,0.000000,12.000000,0.000000,10.278431,6.988825,12.000000,1.194286
69,0.000000,0.000000,12.000000,0.000000,0.000000,0.000000,12.000000,0.000000
69,0.000000,0.000000,12.000000,0.000000,1.197390,0.068497,12.000000,0.114286
69,0.000000,0.000000,12.000000,0.000000,2.379157,0.273094,12.000000,0.228571
69,0.000000,0.000000,12.000000,0.000000,3.529883,0.611121,12.000000,0.342857
69,0.000000,0.000000,12.000000,0.000000,4.634555,1.078169,12.000000,0.457143
69,0.000000,0.000000,12.000000,0.000000,5.678760,1.668143,12.000000,0.571429
69,0.000000,0.000000,12.000000,0.000000,6.648873,2.373347,12.000000,0.685714
69,0.000000,0.000000,12.000000,0.000000,7.532239,3.184580,12.000000,0.800000
69,0.000000,0.000000,12.000000,0.000000,8.317332,4.091257,12.000000,0.914286
69,0.000000,0.000000,12.000000,0.000000,8.993908,5.081548,12.000000,1.028571
69,0.000000,0.000000,12.000000,0.000000,9.553141,6.142535,12.000000,1.142857
69,0.000000,0.000000,12.000000,0.000000,9.987734,7.260373,12.000000,1.257143
70,0.000000,0.000000,12.000000,0.000000,0.000000,0.000000,12.000000,0.000000
70,0.000000,0.000000,12.000000,0.000000,1.197122,0.071914,12.000000,0.120000
70,0.000000,0.000000,12.000000,0.000000,2.377026,0.286620,12.000000,0.240000
70,0.000000,0.000000,12.000000,0.000000,3.522743,0.641032,12.000000,0.360000
70,0.000000,0.000000,12.000000,0.000000,4.617792,1.130051,12.000000,0.480000
70,0.000000,0.000000,12.000000,0.000000,5.646425,1.746644,12.000000,0.600000
70,0.000000,0.000000,12.000000,0.000000,6.593847,2.481943,12.000000,0.720000
70,0.000000,0.000000,12.000000,0.000000,7.446432,3.325372,12.000000,0.840000
70,0.000000,0.000000,12.000000,0.000000,8.191916,4.264800,12.000000,0.960000
70,0.000000,0.000000,12.000000,0.000000,8.819579,5.286717,12.000000,1.080000
70,0.000000,0.000000,12.000000,0.000000,9.320392,6.376423,12.000000,1.200000
70,0.000000,0.000000,12.000000,0.000000,9.687152,7.518246,12.000000,1.320000
71,0.000000,0.000000,12.000000,0.000000,0.000000,0.000000,12.000000,0.000000
71,0.000000,0.000000,12.000000,0.000000,1.196842,0.075329,12.000000,0.125714
71,0.000000,0.000000,12.000000,0.000000,2.374793,0.300128,12.000000,0.251429
71,0.000000,0.000000,12.000000,0.000000,3.515263,0.670849,12.000000,0.377143
71,0.000000,0.000000,12.000000,0.000000,4.600250,1.181640,12.000000,0.502857
71,0.000000,0.000000,12.000000,0.000000,5.612631,1.824439,12.000000,0.628571
71,0.000000,0.000000,12.000000,0.000000,6.536425,2.589101,12.000000,0.754286
71,0.000000,0.000000,12.000000,0.000000,7.357054,3.463558,12.000000,0.880000
71,0.000000,0.000000,12.000000,0.000000,8.061563,4.434006,12.000000,1.005714
71,0.000000,0.000000,12.000000,0.000000,8.638835,5.485130,12.000000,1.131429
71,0.000000,0.000000,12.000000,0.000000,9.079758,6.600340,12.000000,1.257143
71,0.000000,0.000000,12.000000,0.000000,9.377373,7.762032,12.000000,1.382857
72,0.000000,0.000000,12.000000,0.000000,0.000000,0.000000,12.000000,0.000000
72,0.000000,0.000000,12.000000,0.000000,1.196548,0.078744,12.000000,0.131429
72,0.000000,0.000000,12.000000,0.000000,2.372458,0.313617,12.000000,0.262857
72,0.000000,0.000000,12.000000,0.000000,3.507446,0.700567,12.000000,0.394286
72,0.000000,0.000000,12.000000,0.000000,4.581935,1.232922,12.000000,0.525714
72,0.000000,0.000000,12.000000,0.000000,5.577393,1.901498,12.000000,0.657143
72,0.000000,0.000000,12.000000,0.000000,6.476648,2.694762,12.000000,0.788571
72,0.000000,0.000000,12.000000,0.000000,7.264189,3.599034,12.000000,0.920000
72,0.000000,0.000000,12.000000,0.000000,7.926434,4.598714,12.000000,1.051429
72,0.000000,0.000000,12.000000,0.000000,8.451958,5.676560,12.000000,1.182857
72,0.000000,0.000000,12.000000,0.000000,8.831698,6.813981,12.000000,1.314286
72,0.000000,0.000000,12.000000,0.000000,9.059104,7.991358,12.000000,1.445714
73,0.000000,0.000000,12.000000,0.000000,0.000000,0.000000,12.000000,0.000000
73,0.000000,0.000000,12.000000,0.000000,1.196242,0.082157,12.000000,0.137143
73,0.000000,0.000000,12.000000,0.000000,2.370020,0.327085,12.000000,0.274286
73,0.000000,0.000000,12.000000,0.000000,3.499292,0.730184,12.000000,0.411429
73,0.000000,0.000000,12.000000,0.000000,4.562853,1.283885,12.000000,0.548571
73,0.000000,0.000000,12.000000,0.000000,5.540728,1.977790,12.000000,0.685714
73,0.000000,0.000000,12.000000,0.000000,6.414556,2.798868,12.000000,0.822857
73,0.000000,0.000000,12.000000,0.000000,7.167927,3.731701,12.000000,0.960000
73,0.000000,0.000000,12.000000,0.000000,7.786694,4.758771,12.000000,1.097143
73,0.000000,0.000000,12.000000,0.000000,8.259236,5.860791,12.000000,1.234286
73,0.000000,0.000000,12.000000,0.000000,8.576681,7.017066,12.000000,1.371429
73,0.000000,0.000000,12.000000,0.000000,8.733067,8.205884,12.000000,1.508571
74,0.000000,0.000000,12.000000,0.000000,0.000000,0.000000,12.000000,0.000000
74,0.000000,0.000000,12.000000,0.000000,1.195923,0.085569,12.000000,0.142857
74,0.000000,0.000000,12.000000,0.000000,2.367480,0.340531,12.000000,0.285714
74,0.000000,0.000000,12.000000,0.000000,3.490804,0.759693,12.000000,0.428571
74,0.000000,0.000000,12.000000,0.000000,4.543008,1.334515,12.000000,0.571429
74,0.000000,0.000000,12.000000,0.000000,5.502655,2.053285,12.000000,0.714286
74,0.000000,0.000000,12.000000,0.000000,6.350194,2.901360,12.000000,0.857143
74,0.000000,0.000000,12.000000,0.000000,7.068357,3.861461,12.000000,1.000000
74,0.000000,0.000000,12.000000,0.000000,7.642514,4.914028,12.000000,1.142857
74,0.000000,0.000000,12.000000,0.000000,8.060965,6.037617,12.000000,1.285714
74,0.000000,0.000000,12.000000,0.000000,8.315187,7.209336,12.000000,1.428571
74,0.000000,0.000000,12.000000,0.000000,8.400000,8.405312,12.000000,1.571429
75,0.000000,0.000000,12.000000,0.000000,0.000000,0.000000,12.000000,0.000000
75,0.000000,0.000000,12.000000,0.000000,1.195590,0.088979,12.000000,0.148571
75,0.000000,0.000000,12.000000,0.000000,2.364838,0.353956,12.000000,0.297143
75,0.000000,0.000000,12.000000,0.000000,3.481982,0.789092,12.000000,0.445714
75,0.000000,0.000000,12.000000,0.000000,4.522408,1.384800,12.000000,0.594286
75,0.000000,0.000000,12.000000,0.000000,5.463192,2.127955,12.000000,0.742857
75,0.000000,0.000000,12.000000,0.000000,6.283606,3.002182,12.000000,0.891429
75,0.000000,0.000000,12.000000,0.000000,6.965574,3.988222,12.000000,1.040000
75,0.000000,0.000000,12.000000,0.000000,7.494070,5.064347,12.000000,1.188571
75,0.000000,0.000000,12.000000,0.000000,7.857450,6.206848,12.000000,1.337143
75,0.000000,0.000000,12.000000,0.000000,8.047708,7.390552,12.000000,1.485714
75,0.000000,0.000000,12.000000,0.000000,8.060651,8.589379,12.000000,1.634286
76,0.000000,0.000000,12.000000,0.000000,0.000000,0.000000,12.000000,0.000000
76,0.000000,0.000000,12.000000,0.000000,1.195245,0.092388,12.000000,0.154286
76,0.000000,0.000000,12.000000,0.000000,2.362095,0.367357,12.000000,0.308571
76,0.000000,0.000000,12.000000,0.000000,3.472829,0.818375,12.000000,0.462857
76,0.000000,0.000000,12.000000,0.000000,4.501059,1.434726,12.000000,0.617143
76,0.000000,0.000000,12.000000,0.000000,5.422358,2.201769,12.000000,0.771429
76,0.000000,0.000000,12.000000,0.000000,6.214838,3.101281,12.000000,0.925714
76,0.000000,0.000000,12.000000,0.000000,6.859673,4.111891,12.000000,1.080000
76,0.000000,0.000000,12.000000,0.000000,7.341544,5.209592,12.000000,1.234286
76,0.000000,0.000000,12.000000,0.000000,7.649002,6.368305,12.000000,1.388571
76,0.000000,0.000000,12.000000,0.000000,7.774744,7.560503,12.000000,1.542857
76,0.000000,0.000000,12.000000,0.000000,7.715782,8.757862,12.000000,1.697143
77,0.000000,0.000000,12.000000,0.000000,0.000000,0.000000,12.000000,0.000000
77,0.000000,0.000000,12.000000,0.000000,1.194887,0.095795,12.000000,0.160000
77,0.000000,0.000000,12.000000,0.000000,2.359250,0.380734,12.000000,0.320000
77,0.000000,0.000000,12.000000,0.000000,3.463345,0.847538,12.000000,0.480000
77,0.000000,0.000000,12.000000,0.000000,4.478967,1.484282,12.000000,0.640000
77,0.000000,0.000000,12.000000,0.000000,5.380172,2.274700,12.000000,0.800000
77,0.000000,0.000000,12.000000,0.000000,6.143938,3.198601,12.000000,0.960000
77,0.000000,0.000000,12.000000,0.000000,6.750755,4.232383,12.000000,1.120000
77,0.000000,0.000000,12.000000,0.000000,7.185121,5.349637,12.000000,1.280000
77,0.000000,0.000000,12.000000,0.000000,7.435939,6.521824,12.000000,1.440000
77,0.000000,0.000000,12.000000,0.000000,7.496804,7.718998,12.000000,1.600000
77,0.000000,0.000000,12.000000,0.000000,7.366159,8.910578,12.000000,1.760000
78,0.000000,0.000000,12.000000,0.000000,0.000000,0.000000,12.000000,0.000000
78,0.000000,0.000000,12.000000,0.000000,1.194516,0.099201,12.000000,0.165714
78,0.000000,0.000000,12.000000,0.000000,2.356303,0.394087,12.000000,0.331429
78,0.000000,0.000000,12.000000,0.000000,3.453532,0.876578,12.000000,0.497143
78,0.000000,0.000000,12.000000,0.000000,4.456139,1.533455,12.000000,0.662857
78,0.000000,0.000000,12.000000,0.000000,5.336655,2.346720,12.000000,0.828571
78,0.000000,0.000000,12.000000,0.000000,6.070955,3.294091,12.000000,0.994286
78,0.000000,0.000000,12.000000,0.000000,6.638921,4.349611,12.000000,1.160000
78,0.000000,0.000000,12.000000,0.000000,7.024990,5.484362,12.000000,1.325714
78,0.000000,0.000000,12.000000,0.000000,7.218586,6.667252,12.000000,1.491429
78,0.000000,0.000000,12.000000,0.000000,7.214403,7.865873,12.000000,1.657143
78,0.000000,0.000000,12.000000,0.000000,7.012557,9.047383,12.000000,1.822857
79,0.000000,0.000000,12.000000,0.000000,0.000000,0.000000,12.000000,0.000000
79,0.000000,0.000000,12.000000,0.000000,1.194131,0.102606,12.000000,0.171429
79,0.000000,0.000000,12.000000,0.000000,2.353256,0.407414,12.000000,0.342857
79,0.000000,0.000000,12.000000,0.000000,3.443393,0.905490,12.000000,0.514286
79,0.000000,0.000000,12.000000,0.000000,4.432583,1.582232,12.000000,0.685714
79,0.000000,0.000000,12.000000,0.000000,5.291829,2.417800,12.000000,0.857143
79,0.000000,0.000000,12.000000,0.000000,5.995940,3.387700,12.000000,1.028571
79,0.000000,0.000000,12.000000,0.000000,6.524276,4.463497,12.000000,1.200000
79,0.000000,0.000000,12.000000,0.000000,6.861346,5.613654,12.000000,1.371429
79,0.000000,0.000000,12.000000,0.000000,6.997270,6.804453,12.000000,1.542857
79,0.000000,0.000000,12.000000,0.000000,6.928063,8.000985,12.000000,1.714286
79,0.000000,0.000000,12.000000,0.000000,6.655755,9.168172,12.000000,1.885714
80,0.000000,0.000000,12.000000,0.000000,0.000000,0.000000,12.000000,0.000000
80,0.000000,0.000000,12.000000,0.000000,1.193734,0.106008,12.000000,0.177143
80,0.000000,0.000000,12.000000,0.000000,2.350108,0.420715,12.000000,0.354286
80,0.000000,0.000000,12.000000,0.000000,3.432928,0.934270,12.000000,0.531429
80,0.000000,0.000000,12.000000,0.000000,4.408306,1.630601,12.000000,0.708571
80,0.000000,0.000000,12.000000,0.000000,5.245715,2.487915,12.000000,0.885714
80,0.000000,0.000000,12.000000,0.000000,5.918945,3.479378,12.000000,1.062857
80,0.000000,0.000000,12.000000,0.000000,6.406926,4.573962,12.000000,1.240000
80,0.000000,0.000000,12.000000,0.000000,6.694386,5.737408,12.000000,1.417143
80,0.000000,0.000000,12.000000,0.000000,6.772327,6.933303,12.000000,1.594286
80,0.000000,0.000000,12.000000,0.000000,6.638311,8.124218,12.000000,1.771429
80,0.000000,0.000000,12.000000,0.000000,6.296531,9.272881,12.000000,1.948571
81,0.000000,0.000000,12.000000,0.000000,0.000000,0.000000,12.000000,0.000000
81,0.000000,0.000000,12.000000,0.000000,1.193324,0.109409,12.000000,0.182857
81,0.000000,0.000000,12.000000,0.000000,2.346859,0.433988,12.000000,0.365714
81,0.000000,0.000000,12.000000,0.000000,3.422140,0.962914,12.000000,0.548571
81,0.000000,0.000000,12.000000,0.000000,4.383315,1.678551,12.000000,0.731429
81,0.000000,0.000000,12.000000,0.000000,5.198334,2.557036,12.000000,0.914286
81,0.000000,0.000000,12.000000,0.000000,5.840022,3.569079,12.000000,1.097143
81,0.000000,0.000000,12.000000,0.000000,6.286982,4.680933,12.000000,1.280000
81,0.000000,0.000000,12.000000,0.000000,6.524310,5.855526,12.000000,1.462857
81,0.000000,0.000000,12.000000,0.000000,6.544094,7.053692,12.000000,1.645714
81,0.000000,0.000000,12.000000,0.000000,6.345675,8.235480,12.000000,1.828571
81,0.000000,0.000000,12.000000,0.000000,5.935667,9.361485,12.000000,2.011429
82,0.000000,0.000000,12.000000,0.000000,0.000000,0.000000,12.000000,0.000000
82,0.000000,0.000000,12.000000,0.000000,1.192901,0.112808,12.000000,0.188571
82,0.000000,0.000000,12.000000,0.000000,2.343510,0.447233,12.000000,0.377143
82,0.000000,0.000000,12.000000,0.000000,3.411031,0.991417,12.000000,0.565714
82,0.000000,0.000000,12.000000,0.000000,4.357618,1.726068,12.000000,0.754286
82,0.000000,0.000000,12.000000,0.000000,5.149711,2.625139,12.000000,0.942857
82,0.000000,0.000000,12.000000,0.000000,5.759226,3.656755,12.000000,1.131429
82,0.000000,0.000000,12.000000,0.000000,6.164553,4.784340,12.000000,1.320000
82,0.000000,0.000000,12.000000,0.000000,6.351323,5.967918,12.000000,1.508571
82,0.000000,0.000000,12.000000,0.000000,6.312914,7.165525,12.000000,1.697143
82,0.000000,0.000000,12.000000,0.000000,6.050687,8.334703,12.000000,1.885714
82,0.000000,0.000000,12.000000,0.000000,5.573939,9.433999,12.000000,2.074286
83,0.000000,0.000000,12.000000,0.000000,0.000000,0.000000,12.000000,0.000000
83,0.000000,0.000000,12.000000,0.000000,1.192465,0.116205,12.000000,0.194286
83,0.000000,0.000000,12.000000,0.000000,2.340060,0.460448,12.000000,0.388571
83,0.000000,0.000000,12.000000,0.000000,3.399603,1.019776,12.000000,0.582857
83,0.000000,0.000000,12.000000,0.000000,4.331224,1.773142,12.000000,0.777143
83,0.000000,0.000000,12.000000,0.000000,5.099868,2.692198,12.000000,0.971429
83,0.000000,0.000000,12.000000,0.000000,5.676612,3.742361,12.000000,1.165714
83,0.000000,0.000000,12.000000,0.000000,6.039755,4.884117,12.000000,1.360000
83,0.000000,0.000000,12.000000,0.000000,6.175632,6.074501,12.000000,1.554286
83,0.000000,0.000000,12.000000,0.000000,6.079130,7.268722,12.000000,1.748571
83,0.000000,0.000000,12.000000,0.000000,5.753880,8.421844,12.000000,1.942857
83,0.000000,0.000000,12.000000,0.000000,5.212122,9.490477,12.000000,2.137143
84,0.000000,0.000000,12.000000,0.000000,0.000000,0.000000,12.000000,0.000000
84,0.000000,0.000000,12.000000,0.000000,1.192017,0.119601,12.000000,0.200000
84,0.000000,0.000000,12.000000,0.000000,2.336511,0.473634,12.000000,0.400000
84,0.000000,0.000000,12.000000,0.000000,3.387857,1.047987,12.000000,0.600000
84,0.000000,0.000000,12.000000,0.000000,4.304139,1.819761,12.000000,0.800000
84,0.000000,0.000000,12.000000,0.000000,5.048829,2.758188,12.000000,1.000000
84,0.000000,0.000000,12.000000,0.000000,5.592238,3.825856,12.000000,1.200000
84,0.000000,0.000000,12.000000,0.000000,5.912702,4.980200,12.000000,1.400000
84,0.000000,0.000000,12.000000,0.000000,5.997445,6.175201,12.000000,1.600000
84,0.000000,0.000000,12.000000,0.000000,5.843089,7.363217,12.000000,1.800000
84,0.000000,0.000000,12.000000,0.000000,5.455788,8.496886,12.000000,2.000000
84,0.000000,0.000000,12.000000,0.000000,4.850981,9.531012,12.000000,2.200000
85,0.000000,0.000000,12.000000,0.000000,0.000000,0.000000,12.000000,0.000000
85,0.000000,0.000000,12.000000,0.000000,1.191555,0.122994,12.000000,0.205714
85,0.000000,0.000000,12.000000,0.000000,2.332863,0.486789,12.000000,0.411429
85,0.000000,0.000000,12.000000,0.000000,3.375795,1.076045,12.000000,0.617143
85,0.000000,0.000000,12.000000,0.000000,4.276373,1.865913,12.000000,0.822857
85,0.000000,0.000000,12.000000,0.000000,4.996619,2.823084,12.000000,1.028571
85,0.000000,0.000000,12.000000,0.000000,5.506160,3.907196,12.000000,1.234286
85,0.000000,0.000000,12.000000,0.000000,5.783511,5.072532,12.000000,1.440000
85,0.000000,0.000000,12.000000,0.000000,5.816974,6.269950,12.000000,1.645714
85,0.000000,0.000000,12.000000,0.000000,5.605140,7.448957,12.000000,1.851429
85,0.000000,0.000000,12.000000,0.000000,5.156940,8.559834,12.000000,2.057143
85,0.000000,0.000000,12.000000,0.000000,4.491276,9.555736,12.000000,2.262857
86,0.000000,0.000000,12.000000,0.000000,0.000000,0.000000,12.000000,0.000000
86,0.000000,0.000000,12.000000,0.000000,1.191080,0.126385,12.000000,0.211429
86,0.000000,0.000000,12.000000,0.000000,2.329115,0.499913,12.000000,0.422857
86,0.000000,0.000000,12.000000,0.000000,3.363421,1.103947,12.000000,0.634286
86,0.000000,0.000000,12.000000,0.000000,4.247934,1.911587,12.000000,0.845714
86,0.000000,0.000000,12.000000,0.000000,4.943262,2.886863,12.000000,1.057143
86,0.000000,0.000000,12.000000,0.000000,5.418439,3.986342,12.000000,1.268571
86,0.000000,0.000000,12.000000,0.000000,5.652301,5.161057,12.000000,1.480000
86,0.000000,0.000000,12.000000,0.000000,5.634433,6.358690,12.000000,1.691429
86,0.000000,0.000000,12.000000,0.000000,5.365632,7.525906,12.000000,1.902857
86,0.000000,0.000000,12.000000,0.000000,4.857868,8.610720,12.000000,2.114286
86,0.000000,0.000000,12.000000,0.000000,4.133755,9.564819,12.000000,2.325714
87,0.000000,0.000000,12.000000,0.000000,0.000000,0.000000,12.000000,0.000000
87,0.000000,0.000000,12.000000,0.000000,1.190593,0.129775,12.000000,0.217143
87,0.000000,0.000000,12.000000,0.000000,2.325268,0.513004,12.000000,0.434286
87,0.000000,0.000000,12.000000,0.000000,3.350735,1.131688,12.000000,0.651429
87,0.000000,0.000000,12.000000,0.000000,4.218831,1.956772,12.000000,0.868571
87,0.000000,0.000000,12.000000,0.000000,4.888786,2.949502,12.000000,1.085714
87,0.000000,0.000000,12.000000,0.000000,5.329133,4.063256,12.000000,1.302857
87,0.000000,0.000000,12.000000,0.000000,5.519192,5.245724,12.000000,1.520000
87,0.000000,0.000000,12.000000,0.000000,5.450036,6.441370,12.000000,1.737143
87,0.000000,0.000000,12.000000,0.000000,5.124914,7.594041,12.000000,1.954286
87,0.000000,0.000000,12.000000,0.000000,4.559095,8.649598,12.000000,2.171429
87,0.000000,0.000000,12.000000,0.000000,3.779153,9.558468,12.000000,2.388571
88,0.000000,0.000000,12.000000,0.000000,0.000000,0.000000,12.000000,0.000000
88,0.000000,0.000000,12.000000,0.000000,1.190093,0.133162,12.000000,0.222857
88,0.000000,0.000000,12.000000,0.000000,2.321323,0.526061,12.000000,0.445714
88,0.000000,0.000000,12.000000,0.000000,3.337741,1.159266,12.000000,0.668571
88,0.000000,0.000000,12.000000,0.000000,4.189073,2.001456,12.000000,0.891429
88,0.000000,0.000000,12.000000,0.000000,4.833214,3.010979,12.000000,1.114286
88,0.000000,0.000000,12.000000,0.000000,5.238304,4.137901,12.000000,1.337143
88,0.000000,0.000000,12.000000,0.000000,5.384306,5.326487,12.000000,1.560000
88,0.000000,0.000000,12.000000,0.000000,5.264000,6.517948,12.000000,1.782857
88,0.000000,0.000000,12.000000,0.000000,4.883337,7.653354,12.000000,2.005714
88,0.000000,0.000000,12.000000,0.000000,4.261143,8.676549,12.000000,2.228571
88,0.000000,0.000000,12.000000,0.000000,3.428192,9.536924,12.000000,2.451429
89,0.000000,0.000000,12.000000,0.000000,0.000000,0.000000,12.000000,0.000000
89,0.000000,0.000000,12.000000,0.000000,1.189579,0.136547,12.000000,0.228571
89,0.000000,0.000000,12.000000,0.000000,2.317279,0.539085,12.000000,0.457143
89,0.000000,0.000000,12.000000,0.000000,3.324440,1.186675,12.000000,0.685714
89,0.000000,0.000000,12.000000,0.000000,4.158670,2.045630,12.000000,0.914286
89,0.000000,0.000000,12.000000,0.000000,4.776575,3.071270,12.000000,1.142857
89,0.000000,0.000000,12.000000,0.000000,5.146013,4.210243,12.000000,1.371429
89,0.000000,0.000000,12.000000,0.000000,5.247766,5.403303,12.000000,1.600000
89,0.000000,0.000000,12.000000,0.000000,5.076543,6.588388,12.000000,1.828571
89,0.000000,0.000000,12.000000,0.000000,4.641248,7.703853,12.000000,2.057143
89,0.000000,0.000000,12.000000,0.000000,3.964526,8.691674,12.000000,2.285714
89,0.000000,0.000000,12.000000,0.000000,3.081577,9.500468,12.000000,2.514286
90,0.000000,0.000000,12.000000,0.000000,0.000000,0.000000,12.000000,0.000000
90,0.000000,0.000000,12.000000,0.000000,1.189053,0.139930,12.000000,0.234286
90,0.000000,0.000000,12.000000,0.000000,2.313138,0.552073,12.000000,0.468571
90,0.000000,0.000000,12.000000,0.000000,3.310834,1.213912,12.000000,0.702857
90,0.000000,0.000000,12.000000,0.000000,4.127630,2.089282,12.000000,0.937143
90,0.000000,0.000000,12.000000,0.000000,4.718895,3.130356,12.000000,1.171429
90,0.000000,0.000000,12.000000,0.000000,5.052323,4.280249,12.000000,1.405714
90,0.000000,0.000000,12.000000,0.000000,5.109697,5.476132,12.000000,1.640000
90,0.000000,0.000000,12.000000,0.000000,4.887881,6.652663,12.000000,1.874286
90,0.000000,0.000000,12.000000,0.000000,4.398995,7.745558,12.000000,2.108571
90,0.000000,0.000000,12.000000,0.000000,3.669751,8.695101,12.000000,2.342857
90,0.000000,0.000000,12.000000,0.000000,2.739996,9.449411,12.000000,2.577143
91,0.000000,0.000000,12.000000,0.000000,0.000000,0.000000,12.000000,0.000000
91,0.000000,0.000000,12.000000,0.000000,1.188515,0.143310,12.000000,0.240000
91,0.000000,0.000000,12.000000,0.000000,2.308899,0.565026,12.000000,0.480000
91,0.000000,0.000000,12.000000,0.000000,3.296927,1.240973,12.000000,0.720000
91,0.000000,0.000000,12.000000,0.000000,4.095963,2.132403,12.000000,0.960000
91,0.000000,0.000000,12.000000,0.000000,4.660201,3.188215,12.000000,1.200000
91,0.000000,0.000000,12.000000,0.000000,4.957297,4.347886,12.000000,1.440000
91,0.000000,0.000000,12.000000,0.000000,4.970222,5.544940,12.000000,1.680000
91,0.000000,0.000000,12.000000,0.000000,4.698233,6.710756,12.000000,1.920000
91,0.000000,0.000000,12.000000,0.000000,4.156922,7.778505,12.000000,2.160000
91,0.000000,0.000000,12.000000,0.000000,3.377320,8.686979,12.000000,2.400000
91,0.000000,0.000000,12.000000,0.000000,2.404116,9.384100,12.000000,2.640000
92,0.000000,0.000000,12.000000,0.000000,0.000000,0.000000,12.000000,0.000000
92,0.000000,0.000000,12.000000,0.000000,1.187963,0.146688,12.000000,0.245714
92,0.000000,0.000000,12.000000,0.000000,2.304562,0.577942,12.000000,0.491429
92,0.000000,0.000000,12.000000,0.000000,3.282721,1.267854,12.000000,0.737143
92,0.000000,0.000000,12.000000,0.000000,4.063678,2.174980,12.000000,0.982857
92,0.000000,0.000000,12.000000,0.000000,4.600522,3.244827,12.000000,1.228571
92,0.000000,0.000000,12.000000,0.000000,4.861001,4.413127,12.000000,1.474286
92,0.000000,0.000000,12.000000,0.000000,4.829468,5.609697,12.000000,1.720000
92,0.000000,0.000000,12.000000,0.000000,4.507818,6.762655,12.000000,1.965714
92,0.000000,0.000000,12.000000,0.000000,3.915372,7.802743,12.000000,2.211429
92,0.000000,0.000000,12.000000,0.000000,3.087721,8.667478,12.000000,2.457143
92,0.000000,0.000000,12.000000,0.000000,2.074583,9.304914,12.000000,2.702857
93,0.000000,0.000000,12.000000,0.000000,0.000000,0.000000,12.000000,0.000000
93,0.000000,0.000000,12.000000,0.000000,1.187398,0.150064,12.000000,0.251429
93,0.000000,0.000000,12.000000,0.000000,2.300128,0.590821,12.000000,0.502857
93,0.000000,0.000000,12.000000,0.000000,3.268217,1.294552,12.000000,0.754286
93,0.000000,0.000000,12.000000,0.000000,4.030787,2.217006,12.000000,1.005714
93,0.000000,0.000000,12.000000,0.000000,4.539885,3.300174,12.000000,1.257143
93,0.000000,0.000000,12.000000,0.000000,4.763497,4.475943,12.000000,1.508571
93,0.000000,0.000000,12.000000,0.000000,4.687561,5.670375,12.000000,1.760000
93,0.000000,0.000000,12.000000,0.000000,4.316853,6.808359,12.000000,2.011429
93,0.000000,0.000000,12.000000,0.000000,3.674683,7.818336,12.000000,2.262857
93,0.000000,0.000000,12.000000,0.000000,2.801435,8.636793,12.000000,2.514286
93,0.000000,0.000000,12.000000,0.000000,1.752022,9.212262,12.000000,2.765714
94,0.000000,0.000000,12.000000,0.000000,0.000000,0.000000,12.000000,0.000000
94,0.000000,0.000000,12.000000,0.000000,1.186821,0.153438,12.000000,0.257143
94,0.000000,0.000000,12.000000,0.000000,2.295598,0.603661,12.000000,0.514286
94,0.000000,0.000000,12.000000,0.000000,3.253419,1.321063,12.000000,0.771429
94,0.000000,0.000000,12.000000,0.000000,3.997298,2.258469,12.000000,1.028571
94,0.000000,0.000000,12.000000,0.000000,4.478320,3.354236,12.000000,1.285714
94,0.000000,0.000000,12.000000,0.000000,4.664852,4.536308,12.000000,1.542857
94,0.000000,0.000000,12.000000,0.000000,4.544629,5.726952,12.000000,1.800000
94,0.000000,0.000000,12.000000,0.000000,4.125556,6.847873,12.000000,2.057143
94,0.000000,0.000000,12.000000,0.000000,3.435191,7.825361,12.000000,2.314286
94,0.000000,0.000000,12.000000,0.000000,2.518931,8.595138,12.000000,2.571429
94,0.000000,0.000000,12.000000,0.000000,1.437030,9.106583,12.000000,2.828571
95,0.000000,0.000000,12.000000,0.000000,0.000000,0.000000,12.000000,0.000000
95,0.000000,0.000000,12.000000,0.000000,1.186231,0.156809,12.000000,0.262857
95,0.000000,0.000000,12.000000,0.000000,2.290971,0.616462,12.000000,0.525714
95,0.000000,0.000000,12.000000,0.000000,3.238329,1.347383,12.000000,0.788571
95,0.000000,0.000000,12.000000,0.000000,3.963223,2.299361,12.000000,1.051429
95,0.000000,0.000000,12.000000,0.000000,4.415856,3.406996,12.000000,1.314286
95,0.000000,0.000000,12.000000,0.000000,4.565133,4.594198,12.000000,1.577143
95,0.000000,0.000000,12.000000,0.000000,4.400799,5.779410,12.000000,1.840000
95,0.000000,0.000000,12.000000,0.000000,3.934144,6.881211,12.000000,2.102857
95,0.000000,0.000000,12.000000,0.000000,3.197225,7.823911,12.000000,2.365714
95,0.000000,0.000000,12.000000,0.000000,2.240666,8.542749,12.000000,2.628571
95,0.000000,0.000000,12.000000,0.000000,1.130181,8.988343,12.000000,2.891429
96,0.000000,0.000000,12.000000,0.000000,0.000000,0.000000,12.000000,0.000000
96,0.000000,0.000000,12.000000,0.000000,1.185628,0.160177,12.000000,0.268571
96,0.000000,0.000000,12.000000,0.000000,2.286249,0.629223,12.000000,0.537143
96,0.000000,0.000000,12.000000,0.000000,3.222950,1.373509,12.000000,0.805714
96,0.000000,0.000000,12.000000,0.000000,3.928571,2.339671,12.000000,1.074286
96,0.000000,0.000000,12.000000,0.000000,4.352522,3.458436,12.000000,1.342857
96,0.000000,0.000000,12.000000,0.000000,4.464405,4.649592,12.000000,1.611429
96,0.000000,0.000000,12.000000,0.000000,4.256199,5.827735,12.000000,1.880000
96,0.000000,0.000000,12.000000,0.000000,3.742832,6.908394,12.000000,2.148571
96,0.000000,0.000000,12.000000,0.000000,2.961110,7.814088,12.000000,2.417143
96,0.000000,0.000000,12.000000,0.000000,1.967083,8.479881,12.000000,2.685714
96,0.000000,0.000000,12.000000,0.000000,0.832020,8.858036,12.000000,2.954286
97,0.000000,0.000000,12.000000,0.000000,0.000000,0.000000,12.000000,0.000000
97,0.000000,0.000000,12.000000,0.000000,1.185012,0.163543,12.000000,0.274286
97,0.000000,0.000000,12.000000,0.000000,2.281431,0.641943,12.000000,0.548571
97,0.000000,0.000000,12.000000,0.000000,3.207284,1.399436,12.000000,0.822857
97,0.000000,0.000000,12.000000,0.000000,3.893354,2.379390,12.000000,1.097143
97,0.000000,0.000000,12.000000,0.000000,4.288348,3.508540,12.000000,1.371429
97,0.000000,0.000000,12.000000,0.000000,4.362737,4.702469,12.000000,1.645714
97,0.000000,0.000000,12.000000,0.000000,4.110957,5.871916,12.000000,1.920000
97,0.000000,0.000000,12.000000,0.000000,3.551833,6.929452,12.000000,2.194286
97,0.000000,0.000000,12.000000,0.000000,2.727167,7.796011,12.000000,2.468571
97,0.000000,0.000000,12.000000,0.000000,1.698612,8.406810,12.000000,2.742857
97,0.000000,0.000000,12.000000,0.000000,0.543065,8.716181,12.000000,3.017143
98,0.000000,0.000000,12.000000,0.000000,0.000000,0.000000,12.000000,0.000000
98,0.000000,0.000000,12.000000,0.000000,1.184384,0.166906,12.000000,0.280000
98,0.000000,0.000000,12.000000,0.000000,2.276517,0.654622,12.000000,0.560000
98,0.000000,0.000000,12.000000,0.000000,3.191334,1.425162,12.000000,0.840000
98,0.000000,0.000000,12.000000,0.000000,3.857582,2.418509,12.000000,1.120000
98,0.000000,0.000000,12.000000,0.000000,4.223365,3.557291,12.000000,1.400000
98,0.000000,0.000000,12.000000,0.000000,4.260194,4.752811,12.000000,1.680000
98,0.000000,0.000000,12.000000,0.000000,3.965201,5.911949,12.000000,1.960000
98,0.000000,0.000000,12.000000,0.000000,3.361361,6.944422,12.000000,2.240000
98,0.000000,0.000000,12.000000,0.000000,2.495708,7.769811,12.000000,2.520000
98,0.000000,0.000000,12.000000,0.000000,1.435667,8.323828,12.000000,2.800000
98,0.000000,0.000000,12.000000,0.000000,0.263802,8.563320,12.000000,3.080000
