0,0.000000,0.000000,12.000000,0.000000,0.000000,0.000000,12.000000,0.000000
0,0.000000,0.000000,12.000000,0.000000,1.200000,0.000000,12.000000,0.000000
0,0.000000,0.000000,12.000000,0.000000,2.400000,0.000000,12.000000,0.000000
0,0.000000,0.000000,12.000000,0.000000,3.600000,0.000000,12.000000,0.000000
0,0.000000,0.000000,12.000000,0.000000,4.800000,0.000000,12.000000,0.000000
0,0.000000,0.000000,12.000000,0.000000,6.000000,0.000000,12.000000,0.000000
0,0.000000,0.000000,12.000000,0.000000,7.200000,0.000000,12.000000,0.000000
0,0.000000,0.000000,12.000000,0.000000,8.400000,0.000000,12.000000,0.000000
0,0.000000,0.000000,12.000000,0.000000,9.600000,0.000000,12.000000,0.000000
0,0.000000,0.000000,12.000000,0.000000,10.800000,0.000000,12.000000,0.000000
0,0.000000,0.000000,12.000000,0.000000,12.000000,0.000000,12.000000,0.000000
0,0.000000,0.000000,12.000000,0.000000,13.200000,0.000000,12.000000,0.000000
1,0.000000,0.000000,12.000000,0.000000,0.000000,0.000000,12.000000,0.000000
1,0.000000,0.000000,12.000000,0.000000,1.199993,0.003429,12.000000,0.005714
1,0.000000,0.000000,12.000000,0.000000,2.399948,0.013714,12.000000,0.011429
1,0.000000,0.000000,12.000000,0.000000,3.599824,0.030856,12.000000,0.017143
1,0.000000,0.000000,12.000000,0.000000,4.799582,0.054855,12.000000,0.022857
1,0.000000,0.000000,12.000000,0.000000,5.999184,0.085708,12.000000,0.028571
1,0.000000,0.000000,12.000000,0.000000,7.198589,0.123416,12.000000,0.034286
1,0.000000,0.000000,12.000000,0.000000,8.397760,0.167978,12.000000,0.040000
1,0.000000,0.000000,12.000000,0.000000,9.596657,0.219390,12.000000,0.045714
1,0.000000,0.000000,12.000000,0.000000,10.795240,0.277653,12.000000,0.051429
1,0.000000,0.000000,12.000000,0.000000,11.993470,0.342764,12.000000,0.057143
1,0.000000,0.000000,12.000000,0.000000,13.191309,0.414721,12.000000,0.062857
2,0.000000,0.000000,12.000000,0.000000,0.000000,0.000000,12.000000,0.000000
2,0.000000,0.000000,12.000000,0.000000,1.199993,-0.003429,12.000000,-0.005714
2,0.000000,0.000000,12.000000,0.000000,2.399948,-0.013714,12.000000,-0.011429
2,0.000000,0.000000,12.000000,0.000000,3.599824,-0.030856,12.000000,-0.017143
2,0.000000,0.000000,12.000000,0.000000,4.799582,-0.054855,12.000000,-0.022857
2,0.000000,0.000000,12.000000,0.000000,5.999184,-0.085708,12.000000,-0.028571
2,0.000000,0.000000,12.000000,0.000000,7.198589,-0.123416,12.000000,-0.034286
2,0.000000,0.000000,12.000000,0.000000,8.397760,-0.167978,12.000000,-0.040000
2,0.000000,0.000000,12.000000,0.000000,9.596657,-0.219390,12.000000,-0.045714
2,0.000000,0.000000,12.000000,0.000000,10.795240,-0.277653,12.000000,-0.051429
2,0.000000,0.000000,12.000000,0.000000,11.993470,-0.342764,12.000000,-0.057143
2,0.000000,0.000000,12.000000,0.000000,13.191309,-0.414721,12.000000,-0.062857
3,0.000000,0.000000,12.000000,0.000000,0.000000,0.000000,12.000000,0.000000
3,0.000000,0.000000,12.000000,0.000000,1.199974,0.006857,12.000000,0.011429
3,0.000000,0.000000,12.000000,0.000000,2.399791,0.027427,12.000000,0.022857
3,0.000000,0.000000,12.000000,0.000000,3.599295,0.061708,12.000000,0.034286
3,0.000000,0.000000,12.000000,0.000000,4.798328,0.109695,12.000000,0.045714
3,0.000000,0.000000,12.000000,0.000000,5.996735,0.171382,12.000000,0.057143
3,0.000000,0.000000,12.000000,0.000000,7.194359,0.246760,12.000000,0.068571
3,0.000000,0.000000,12.000000,0.000000,8.391043,0.335821,12.000000,0.080000
3,0.000000,0.000000,12.000000,0.000000,9.586631,0.438552,12.000000,0.091429
3,0.000000,0.000000,12.000000,0.000000,10.780967,0.554939,12.000000,0.102857
3,0.000000,0.000000,12.000000,0.000000,11.973895,0.684968,12.000000,0.114286
3,0.000000,0.000000,12.000000,0.000000,13.165258,0.828622,12.000000,0.125714
4,0.000000,0.000000,12.000000,0.000000,0.000000,0.000000,12.000000,0.000000
4,0.000000,0.000000,12.000000,0.000000,1.199974,-0.006857,12.000000,-0.011429
4,0.000000,0.000000,12.000000,0.000000,2.399791,-0.027427,12.000000,-0.022857
4,0.000000,0.000000,12.000000,0.000000,3.599295,-0.061708,12.000000,-0.034286
4,0.000000,0.000000,12.000000,0.000000,4.798328,-0.109695,12.000000,-0.045714
4,0.000000,0.000000,12.000000,0.000000,5.996735,-0.171382,12.000000,-0.057143
4,0.000000,0.000000,12.000000,0.000000,7.194359,-0.246760,12.000000,-0.068571
4,0.000000,0.000000,12.000000,0.000000,8.391043,-0.335821,12.000000,-0.080000
4,0.000000,0.000000,12.000000,0.000000,9.586631,-0.438552,12.000000,-0.091429
4,0.000000,0.000000,12.000000,0.000000,10.780967,-0.554939,12.000000,-0.102857
4,0.000000,0.000000,12.000000,0.000000,11.973895,-0.684968,12.000000,-0.114286
4,0.000000,0.000000,12.000000,0.000000,13.165258,-0.828622,12.000000,-0.125714
5,0.000000,0.000000,12.000000,0.000000,0.000000,0.000000,12.000000,0.000000
5,0.000000,0.000000,12.000000,0.000000,1.199941,0.010285,12.000000,0.017143
5,0.000000,0.000000,12.000000,0.000000,2.399530,0.041139,12.000000,0.034286
5,0.000000,0.000000,12.000000,0.000000,3.598413,0.092551,12.000000,0.051429
5,0.000000,0.000000,12.000000,0.000000,4.796239,0.164507,12.000000,0.068571
5,0.000000,0.000000,12.000000,0.000000,5.992656,0.256985,12.000000,0.085714
5,0.000000,0.000000,12.000000,0.000000,7.187311,0.369959,12.000000,0.102857
5,0.000000,0.000000,12.000000,0.000000,8.379855,0.503395,12.000000,0.120000
5,0.000000,0.000000,12.000000,0.000000,9.569935,0.657255,12.000000,0.137143
5,0.000000,0.000000,12.000000,0.000000,10.757204,0.831491,12.000000,0.154286
5,0.000000,0.000000,12.000000,0.000000,11.941311,1.026055,12.000000,0.171429
5,0.000000,0.000000,12.000000,0.000000,13.121909,1.240888,12.000000,0.188571
6,0.000000,0.000000,12.000000,0.000000,0.000000,0.000000,12.000000,0.000000
6,0.000000,0.000000,12.000000,0.000000,1.199941,-0.010285,12.000000,-0.017143
6,0.000000,0.000000,12.000000,0.000000,2.399530,-0.041139,12.000000,-0.034286
6,0.000000,0.000000,12.000000,0.000000,3.598413,-0.092551,12.000000,-0.051429
6,0.000000,0.000000,12.000000,0.000000,4.796239,-0.164507,12.000000,-0.068571
6,0.000000,0.000000,12.000000,0.000000,5.992656,-0.256985,12.000000,-0.085714
6,0.000000,0.000000,12.000000,0.000000,7.187311,-0.369959,12.000000,-0.102857
6,0.000000,0.000000,12.000000,0.000000,8.379855,-0.503395,12.000000,-0.120000
6,0.000000,0.000000,12.000000,0.000000,9.569935,-0.657255,12.000000,-0.137143
6,0.000000,0.000000,12.000000,0.000000,10.757204,-0.831491,12.000000,-0.154286
6,0.000000,0.000000,12.000000,0.000000,11.941311,-1.026055,12.000000,-0.171429
6,0.000000,0.000000,12.000000,0.000000,13.121909,-1.240888,12.000000,-0.188571
7,0.000000,0.000000,12.000000,0.000000,0.000000,0.000000,12.000000,0.000000
7,0.000000,0.000000,12.000000,0.000000,1.199896,0.013714,12.000000,0.022857
7,0.000000,0.000000,12.000000,0.000000,2.399164,0.054848,12.000000,0.045714
7,0.000000,0.000000,12.000000,0.000000,3.597179,0.123380,12.000000,0.068571
7,0.000000,0.000000,12.000000,0.000000,4.793315,0.219276,12.000000,0.091429
7,0.000000,0.000000,12.000000,0.000000,5.986947,0.342484,12.000000,0.114286
7,0.000000,0.000000,12.000000,0.000000,7.177451,0.492941,12.000000,0.137143
7,0.000000,0.000000,12.000000,0.000000,8.364206,0.670568,12.000000,0.160000
7,0.000000,0.000000,12.000000,0.000000,9.546591,0.875271,12.000000,0.182857
7,0.000000,0.000000,12.000000,0.000000,10.723988,1.106945,12.000000,0.205714
7,0.000000,0.000000,12.000000,0.000000,11.895783,1.365468,12.000000,0.228571
7,0.000000,0.000000,12.000000,0.000000,13.061363,1.650705,12.000000,0.251429
8,0.000000,0.000000,12.000000,0.000000,0.000000,0.000000,12.000000,0.000000
8,0.000000,0.000000,12.000000,0.000000,1.199896,-0.013714,12.000000,-0.022857
8,0.000000,0.000000,12.000000,0.000000,2.399164,-0.054848,12.000000,-0.045714
8,0.000000,0.000000,12.000000,0.000000,3.597179,-0.123380,12.000000,-0.068571
8,0.000000,0.000000,12.000000,0.000000,4.793315,-0.219276,12.000000,-0.091429
8,0.000000,0.000000,12.000000,0.000000,5.986947,-0.342484,12.000000,-0.114286
8,0.000000,0.000000,12.000000,0.000000,7.177451,-0.492941,12.000000,-0.137143
8,0.000000,0.000000,12.000000,0.000000,8.364206,-0.670568,12.000000,-0.160000
8,0.000000,0.000000,12.000000,0.000000,9.546591,-0.875271,12.000000,-0.182857
8,0.000000,0.000000,12.000000,0.000000,10.723988,-1.106945,12.000000,-0.205714
8,0.000000,0.000000,12.000000,0.000000,11.895783,-1.365468,12.000000,-0.228571
8,0.000000,0.000000,12.000000,0.000000,13.061363,-1.650705,12.000000,-0.251429
9,0.000000,0.000000,12.000000,0.000000,0.000000,0.000000,12.000000,0.000000
9,0.000000,0.000000,12.000000,0.000000,1.199837,0.017142,12.000000,0.028571
9,0.000000,0.000000,12.000000,0.000000,2.398694,0.068553,12.000000,0.057143
9,0.000000,0.000000,12.000000,0.000000,3.595593,0.154191,12.000000,0.085714
9,0.000000,0.000000,12.000000,0.000000,4.789558,0.273987,12.000000,0.114286
9,0.000000,0.000000,12.000000,0.000000,5.979613,0.427843,12.000000,0.142857
9,0.000000,0.000000,12.000000,0.000000,7.164786,0.615633,12.000000,0.171429
9,0.000000,0.000000,12.000000,0.000000,8.344112,0.837204,12.000000,0.200000
9,0.000000,0.000000,12.000000,0.000000,9.516626,1.092374,12.000000,0.228571
9,0.000000,0.000000,12.000000,0.000000,10.681372,1.380937,12.000000,0.257143
9,0.000000,0.000000,12.000000,0.000000,11.837400,1.702656,12.000000,0.285714
9,0.000000,0.000000,12.000000,0.000000,12.983765,2.057268,12.000000,0.314286
10,0.000000,0.000000,12.000000,0.000000,0.000000,0.000000,12.000000,0.000000
10,0.000000,0.000000,12.000000,0.000000,1.199837,-0.017142,12.000000,-0.028571
10,0.000000,0.000000,12.000000,0.000000,2.398694,-0.068553,12.000000,-0.057143
10,0.000000,0.000000,12.000000,0.000000,3.595593,-0.154191,12.000000,-0.085714
10,0.000000,0.000000,12.000000,0.000000,4.789558,-0.273987,12.000000,-0.114286
10,0.000000,0.000000,12.000000,0.000000,5.979613,-0.427843,12.000000,-0.142857
10,0.000000,0.000000,12.000000,0.000000,7.164786,-0.615633,12.000000,-0.171429
10,0.000000,0.000000,12.000000,0.000000,8.344112,-0.837204,12.000000,-0.200000
10,0.000000,0.000000,12.000000,0.000000,9.516626,-1.092374,12.000000,-0.228571
10,0.000000,0.000000,12.000000,0.000000,10.681372,-1.380937,12.000000,-0.257143
10,0.000000,0.000000,12.000000,0.000000,11.837400,-1.702656,12.000000,-0.285714
10,0.000000,0.000000,12.000000,0.000000,12.983765,-2.057268,12.000000,-0.314286
11,0.000000,0.000000,12.000000,0.000000,0.000000,0.000000,12.000000,0.000000
11,0.000000,0.000000,12.000000,0.000000,1.199765,0.020569,12.000000,0.034286
11,0.000000,0.000000,12.000000,0.000000,2.398120,0.082253,12.000000,0.068571
11,0.000000,0.000000,12.000000,0.000000,3.593656,0.184980,12.000000,0.102857
11,0.000000,0.000000,12.000000,0.000000,4.784968,0.328627,12.000000,0.137143
11,0.000000,0.000000,12.000000,0.000000,5.970655,0.513027,12.000000,0.171429
11,0.000000,0.000000,12.000000,0.000000,7.149325,0.737963,12.000000,0.205714
11,0.000000,0.000000,12.000000,0.000000,8.319592,1.003171,12.000000,0.240000
11,0.000000,0.000000,12.000000,0.000000,9.480080,1.308338,12.000000,0.274286
11,0.000000,0.000000,12.000000,0.000000,10.629425,1.653106,12.000000,0.308571
11,0.000000,0.000000,12.000000,0.000000,11.766276,2.037070,12.000000,0.342857
11,0.000000,0.000000,12.000000,0.000000,12.889297,2.459778,12.000000,0.377143
12,0.000000,0.000000,12.000000,0.000000,0.000000,0.000000,12.000000,0.000000
12,0.000000,0.000000,12.000000,0.000000,1.199765,-0.020569,12.000000,-0.034286
12,0.000000,0.000000,12.000000,0.000000,2.398120,-0.082253,12.000000,-0.068571
12,0.000000,0.000000,12.000000,0.000000,3.593656,-0.184980,12.000000,-0.102857
12,0.000000,0.000000,12.000000,0.000000,4.784968,-0.328627,12.000000,-0.137143
12,0.000000,0.000000,12.000000,0.000000,5.970655,-0.513027,12.000000,-0.171429
12,0.000000,0.000000,12.000000,0.000000,7.149325,-0.737963,12.000000,-0.205714
12,0.000000,0.000000,12.000000,0.000000,8.319592,-1.003171,12.000000,-0.240000
12,0.000000,0.000000,12.000000,0.000000,9.480080,-1.308338,12.000000,-0.274286
12,0.000000,0.000000,12.000000,0.000000,10.629425,-1.653106,12.000000,-0.308571
12,0.000000,0.000000,12.000000,0.000000,11.766276,-2.037070,12.000000,-0.342857
12,0.000000,0.000000,12.000000,0.000000,12.889297,-2.459778,12.000000,-0.377143
13,0.000000,0.000000,12.000000,0.000000,0.000000,0.000000,12.000000,0.000000
13,0.000000,0.000000,12.000000,0.000000,1.199680,0.023997,12.000000,0.040000
13,0.000000,0.000000,12.000000,0.000000,2.397441,0.095949,12.000000,0.080000
13,0.000000,0.000000,12.000000,0.000000,3.591366,0.215741,12.000000,0.120000
13,0.000000,0.000000,12.000000,0.000000,4.779546,0.383181,12.000000,0.160000
13,0.000000,0.000000,12.000000,0.000000,5.960080,0.598003,12.000000,0.200000
13,0.000000,0.000000,12.000000,0.000000,7.131079,0.859861,12.000000,0.240000
13,0.000000,0.000000,12.000000,0.000000,8.290669,1.168337,12.000000,0.280000
13,0.000000,0.000000,12.000000,0.000000,9.436997,1.522937,12.000000,0.320000
13,0.000000,0.000000,12.000000,0.000000,10.568227,1.923095,12.000000,0.360000
13,0.000000,0.000000,12.000000,0.000000,11.682550,2.368170,12.000000,0.400000
13,0.000000,0.000000,12.000000,0.000000,12.778184,2.857450,12.000000,0.440000
14,0.000000,0.000000,12.000000,0.000000,0.000000,0.000000,12.000000,0.000000
14,0.000000,0.000000,12.000000,0.000000,1.199680,-0.023997,12.000000,-0.040000
14,0.000000,0.000000,12.000000,0.000000,2.397441,-0.095949,12.000000,-0.080000
14,0.000000,0.000000,12.000000,0.000000,3.591366,-0.215741,12.000000,-0.120000
14,0.000000,0.000000,12.000000,0.000000,4.779546,-0.383181,12.000000,-0.160000
14,0.000000,0.000000,12.000000,0.000000,5.960080,-0.598003,12.000000,-0.200000
14,0.000000,0.000000,12.000000,0.000000,7.131079,-0.859861,12.000000,-0.240000
14,0.000000,0.000000,12.000000,0.000000,8.290669,-1.168337,12.000000,-0.280000
14,0.000000,0.000000,12.000000,0.000000,9.436997,-1.522937,12.000000,-0.320000
14,0.000000,0.000000,12.000000,0.000000,10.568227,-1.923095,12.000000,-0.360000
14,0.000000,0.000000,12.000000,0.000000,11.682550,-2.368170,12.000000,-0.400000
14,0.000000,0.000000,12.000000,0.000000,12.778184,-2.857450,12.000000,-0.440000
15,0.000000,0.000000,12.000000,0.000000,0.000000,0.000000,12.000000,0.000000
15,0.000000,0.000000,12.000000,0.000000,1.199582,0.027424,12.000000,0.045714
15,0.000000,0.000000,12.000000,0.000000,2.396658,0.109638,12.000000,0.091429
15,0.000000,0.000000,12.000000,0.000000,3.588726,0.246470,12.000000,0.137143
15,0.000000,0.000000,12.000000,0.000000,4.773295,0.437636,12.000000,0.182857
15,0.000000,0.000000,12.000000,0.000000,5.947891,0.682734,12.000000,0.228571
15,0.000000,0.000000,12.000000,0.000000,7.110060,0.981254,12.000000,0.274286
15,0.000000,0.000000,12.000000,0.000000,8.257372,1.332570,12.000000,0.320000
15,0.000000,0.000000,12.000000,0.000000,9.387431,1.735950,12.000000,0.365714
15,0.000000,0.000000,12.000000,0.000000,10.497876,2.190551,12.000000,0.411429
15,0.000000,0.000000,12.000000,0.000000,11.586386,2.695422,12.000000,0.457143
15,0.000000,0.000000,12.000000,0.000000,12.650688,3.249509,12.000000,0.502857
16,0.000000,0.000000,12.000000,0.000000,0.000000,0.000000,12.000000,0.000000
16,0.000000,0.000000,12.000000,0.000000,1.199582,-0.027424,12.000000,-0.045714
16,0.000000,0.000000,12.000000,0.000000,2.396658,-0.109638,12.000000,-0.091429
16,0.000000,0.000000,12.000000,0.000000,3.588726,-0.246470,12.000000,-0.137143
16,0.000000,0.000000,12.000000,0.000000,4.773295,-0.437636,12.000000,-0.182857
16,0.000000,0.000000,12.000000,0.000000,5.947891,-0.682734,12.000000,-0.228571
16,0.000000,0.000000,12.000000,0.000000,7.110060,-0.981254,12.000000,-0.274286
16,0.000000,0.000000,12.000000,0.000000,8.257372,-1.332570,12.000000,-0.320000
16,0.000000,0.000000,12.000000,0.000000,9.387431,-1.735950,12.000000,-0.365714
16,0.000000,0.000000,12.000000,0.000000,10.497876,-2.190551,12.000000,-0.411429
16,0.000000,0.000000,12.000000,0.000000,11.586386,-2.695422,12.000000,-0.457143
16,0.000000,0.000000,12.000000,0.000000,12.650688,-3.249509,12.000000,-0.502857
17,0.000000,0.000000,12.000000,0.000000,0.000000,0.000000,12.000000,0.000000
17,0.000000,0.000000,12.000000,0.000000,1.199471,0.030850,12.000000,0.051429
17,0.000000,0.000000,12.000000,0.000000,2.395770,0.123320,12.000000,0.102857
17,0.000000,0.000000,12.000000,0.000000,3.585735,0.277164,12.000000,0.154286
17,0.000000,0.000000,12.000000,0.000000,4.766217,0.491976,12.000000,0.205714
17,0.000000,0.000000,12.000000,0.000000,5.934096,0.767187,12.000000,0.257143
17,0.000000,0.000000,12.000000,0.000000,7.086283,1.102071,12.000000,0.308571
17,0.000000,0.000000,12.000000,0.000000,8.219732,1.495741,12.000000,0.360000
17,0.000000,0.000000,12.000000,0.000000,9.331446,1.947156,12.000000,0.411429
17,0.000000,0.000000,12.000000,0.000000,10.418484,2.455124,12.000000,0.462857
17,0.000000,0.000000,12.000000,0.000000,11.477972,3.018299,12.000000,0.514286
17,0.000000,0.000000,12.000000,0.000000,12.507109,3.635195,12.000000,0.565714
18,0.000000,0.000000,12.000000,0.000000,0.000000,0.000000,12.000000,0.000000
18,0.000000,0.000000,12.000000,0.000000,1.199471,-0.030850,12.000000,-0.051429
18,0.000000,0.000000,12.000000,0.000000,2.395770,-0.123320,12.000000,-0.102857
18,0.000000,0.000000,12.000000,0.000000,3.585735,-0.277164,12.000000,-0.154286
18,0.000000,0.000000,12.000000,0.000000,4.766217,-0.491976,12.000000,-0.205714
18,0.000000,0.000000,12.000000,0.000000,5.934096,-0.767187,12.000000,-0.257143
18,0.000000,0.000000,12.000000,0.000000,7.086283,-1.102071,12.000000,-0.308571
18,0.000000,0.000000,12.000000,0.000000,8.219732,-1.495741,12.000000,-0.360000
18,0.000000,0.000000,12.000000,0.000000,9.331446,-1.947156,12.000000,-0.411429
18,0.000000,0.000000,12.000000,0.000000,10.418484,-2.455124,12.000000,-0.462857
18,0.000000,0.000000,12.000000,0.000000,11.477972,-3.018299,12.000000,-0.514286
18,0.000000,0.000000,12.000000,0.000000,12.507109,-3.635195,12.000000,-0.565714
19,0.000000,0.000000,12.000000,0.000000,0.000000,0.000000,12.000000,0.000000
19,0.000000,0.000000,12.000000,0.000000,1.199347,0.034276,12.000000,0.057143
19,0.000000,0.000000,12.000000,0.000000,2.394779,0.136994,12.000000,0.114286
19,0.000000,0.000000,12.000000,0.000000,3.582393,0.307816,12.000000,0.171429
19,0.000000,0.000000,12.000000,0.000000,4.758313,0.546187,12.000000,0.228571
19,0.000000,0.000000,12.000000,0.000000,5.918700,0.851328,12.000000,0.285714
19,0.000000,0.000000,12.000000,0.000000,7.059766,1.222242,12.000000,0.342857
19,0.000000,0.000000,12.000000,0.000000,8.177785,1.657719,12.000000,0.400000
19,0.000000,0.000000,12.000000,0.000000,9.269109,2.156338,12.000000,0.457143
19,0.000000,0.000000,12.000000,0.000000,10.330175,2.716469,12.000000,0.514286
19,0.000000,0.000000,12.000000,0.000000,11.357519,3.336287,12.000000,0.571429
19,0.000000,0.000000,12.000000,0.000000,12.347787,4.013765,12.000000,0.628571
20,0.000000,0.000000,12.000000,0.000000,0.000000,0.000000,12.000000,0.000000
20,0.000000,0.000000,12.000000,0.000000,1.199347,-0.034276,12.000000,-0.057143
20,0.000000,0.000000,12.000000,0.000000,2.394779,-0.136994,12.000000,-0.114286
20,0.000000,0.000000,12.000000,0.000000,3.582393,-0.307816,12.000000,-0.171429
20,0.000000,0.000000,12.000000,0.000000,4.758313,-0.546187,12.000000,-0.228571
20,0.000000,0.000000,12.000000,0.000000,5.918700,-0.851328,12.000000,-0.285714
20,0.000000,0.000000,12.000000,0.000000,7.059766,-1.222242,12.000000,-0.342857
20,0.000000,0.000000,12.000000,0.000000,8.177785,-1.657719,12.000000,-0.400000
20,0.000000,0.000000,12.000000,0.000000,9.269109,-2.156338,12.000000,-0.457143
20,0.000000,0.000000,12.000000,0.000000,10.330175,-2.716469,12.000000,-0.514286
20,0.000000,0.000000,12.000000,0.000000,11.357519,-3.336287,12.000000,-0.571429
20,0.000000,0.000000,12.000000,0.000000,12.347787,-4.013765,12.000000,-0.628571
21,0.000000,0.000000,12.000000,0.000000,0.000000,0.000000,12.000000,0.000000
21,0.000000,0.000000,12.000000,0.000000,1.199210,0.037702,12.000000,0.062857
21,0.000000,0.000000,12.000000,0.000000,2.393683,0.150659,12.000000,0.125714
21,0.000000,0.000000,12.000000,0.000000,3.578702,0.338424,12.000000,0.188571
21,0.000000,0.000000,12.000000,0.000000,4.749587,0.600256,12.000000,0.251429
21,0.000000,0.000000,12.000000,0.000000,5.901711,0.935122,12.000000,0.314286
21,0.000000,0.000000,12.000000,0.000000,7.030526,1.341697,12.000000,0.377143
21,0.000000,0.000000,12.000000,0.000000,8.131572,1.818377,12.000000,0.440000
21,0.000000,0.000000,12.000000,0.000000,9.200500,2.363279,12.000000,0.502857
21,0.000000,0.000000,12.000000,0.000000,10.233089,2.974250,12.000000,0.565714
21,0.000000,0.000000,12.000000,0.000000,11.225260,3.648878,12.000000,0.628571
21,0.000000,0.000000,12.000000,0.000000,12.173095,4.384497,12.000000,0.691429
22,0.000000,0.000000,12.000000,0.000000,0.000000,0.000000,12.000000,0.000000
22,0.000000,0.000000,12.000000,0.000000,1.199210,-0.037702,12.000000,-0.062857
22,0.000000,0.000000,12.000000,0.000000,2.393683,-0.150659,12.000000,-0.125714
22,0.000000,0.000000,12.000000,0.000000,3.578702,-0.338424,12.000000,-0.188571
22,0.000000,0.000000,12.000000,0.000000,4.749587,-0.600256,12.000000,-0.251429
22,0.000000,0.000000,12.000000,0.000000,5.901711,-0.935122,12.000000,-0.314286
22,0.000000,0.000000,12.000000,0.000000,7.030526,-1.341697,12.000000,-0.377143
22,0.000000,0.000000,12.000000,0.000000,8.131572,-1.818377,12.000000,-0.440000
22,0.000000,0.000000,12.000000,0.000000,9.200500,-2.363279,12.000000,-0.502857
22,0.000000,0.000000,12.000000,0.000000,10.233089,-2.974250,12.000000,-0.565714
22,0.000000,0.000000,12.000000,0.000000,11.225260,-3.648878,12.000000,-0.628571
22,0.000000,0.000000,12.000000,0.000000,12.173095,-4.384497,12.000000,-0.691429
23,0.000000,0.000000,12.000000,0.000000,0.000000,0.000000,12.000000,0.000000
23,0.000000,0.000000,12.000000,0.000000,1.199060,0.041127,12.000000,0.068571
23,0.000000,0.000000,12.000000,0.000000,2.392484,0.164314,12.000000,0.137143
23,0.000000,0.000000,12.000000,0.000000,3.574663,0.368982,12.000000,0.205714
23,0.000000,0.000000,12.000000,0.000000,4.740040,0.654169,12.000000,0.274286
23,0.000000,0.000000,12.000000,0.000000,5.883138,1.018535,12.000000,0.342857
23,0.000000,0.000000,12.000000,0.000000,6.998584,1.460367,12.000000,0.411429
23,0.000000,0.000000,12.000000,0.000000,8.081136,1.977589,12.000000,0.480000
23,0.000000,0.000000,12.000000,0.000000,9.125704,2.567769,12.000000,0.548571
23,0.000000,0.000000,12.000000,0.000000,10.127380,3.228133,12.000000,0.617143
23,0.000000,0.000000,12.000000,0.000000,11.081455,3.955579,12.000000,0.685714
23,0.000000,0.000000,12.000000,0.000000,11.983445,4.746685,12.000000,0.754286
24,0.000000,0.000000,12.000000,0.000000,0.000000,0.000000,12.000000,0.000000
24,0.000000,0.000000,12.000000,0.000000,1.199060,-0.041127,12.000000,-0.068571
24,0.000000,0.000000,12.000000,0.000000,2.392484,-0.164314,12.000000,-0.137143
24,0.000000,0.000000,12.000000,0.000000,3.574663,-0.368982,12.000000,-0.205714
24,0.000000,0.000000,12.000000,0.000000,4.740040,-0.654169,12.000000,-0.274286
24,0.000000,0.000000,12.000000,0.000000,5.883138,-1.018535,12.000000,-0.342857
24,0.000000,0.000000,12.000000,0.000000,6.998584,-1.460367,12.000000,-0.411429
24,0.000000,0.000000,12.000000,0.000000,8.081136,-1.977589,12.000000,-0.480000
24,0.000000,0.000000,12.000000,0.000000,9.125704,-2.567769,12.000000,-0.548571
24,0.000000,0.000000,12.000000,0.000000,10.127380,-3.228133,12.000000,-0.617143
24,0.000000,0.000000,12.000000,0.000000,11.081455,-3.955579,12.000000,-0.685714
24,0.000000,0.000000,12.000000,0.000000,11.983445,-4.746685,12.000000,-0.754286
25,0.000000,0.000000,12.000000,0.000000,0.000000,0.000000,12.000000,0.000000
25,0.000000,0.000000,12.000000,0.000000,1.198897,0.044551,12.000000,0.074286
25,0.000000,0.000000,12.000000,0.000000,2.391180,0.177958,12.000000,0.148571
25,0.000000,0.000000,12.000000,0.000000,3.570275,0.399485,12.000000,0.222857
25,0.000000,0.000000,12.000000,0.000000,4.729676,0.707911,12.000000,0.297143
25,0.000000,0.000000,12.000000,0.000000,5.862989,1.101534,12.000000,0.371429
25,0.000000,0.000000,12.000000,0.000000,6.963963,1.578183,12.000000,0.445714
25,0.000000,0.000000,12.000000,0.000000,8.026525,2.135229,12.000000,0.520000
25,0.000000,0.000000,12.000000,0.000000,9.044814,2.769599,12.000000,0.594286
25,0.000000,0.000000,12.000000,0.000000,10.013214,3.477794,12.000000,0.668571
25,0.000000,0.000000,12.000000,0.000000,10.926382,4.255908,12.000000,0.742857
25,0.000000,0.000000,12.000000,0.000000,11.779282,5.099650,12.000000,0.817143
26,0.000000,0.000000,12.000000,0.000000,0.000000,0.000000,12.000000,0.000000
26,0.000000,0.000000,12.000000,0.000000,1.198897,-0.044551,12.000000,-0.074286
26,0.000000,0.000000,12.000000,0.000000,2.391180,-0.177958,12.000000,-0.148571
26,0.000000,0.000000,12.000000,0.000000,3.570275,-0.399485,12.000000,-0.222857
26,0.000000,0.000000,12.000000,0.000000,4.729676,-0.707911,12.000000,-0.297143
26,0.000000,0.000000,12.000000,0.000000,5.862989,-1.101534,12.000000,-0.371429
26,0.000000,0.000000,12.000000,0.000000,6.963963,-1.578183,12.000000,-0.445714
26,0.000000,0.000000,12.000000,0.000000,8.026525,-2.135229,12.000000,-0.520000
26,0.000000,0.000000,12.000000,0.000000,9.044814,-2.769599,12.000000,-0.594286
26,0.000000,0.000000,12.000000,0.000000,10.013214,-3.477794,12.000000,-0.668571
26,0.000000,0.000000,12.000000,0.000000,10.926382,-4.255908,12.000000,-0.742857
26,0.000000,0.000000,12.000000,0.000000,11.779282,-5.099650,12.000000,-0.817143
27,0.000000,0.000000,12.000000,0.000000,0.000000,0.000000,12.000000,0.000000
27,0.000000,0.000000,12.000000,0.000000,1.198720,0.047974,12.000000,0.080000
27,0.000000,0.000000,12.000000,0.000000,2.389773,0.191591,12.000000,0.160000
27,0.000000,0.000000,12.000000,0.000000,3.565539,0.429930,12.000000,0.240000
27,0.000000,0.000000,12.000000,0.000000,4.718498,0.761469,12.000000,0.320000
27,0.000000,0.000000,12.000000,0.000000,5.841275,1.184085,12.000000,0.400000
27,0.000000,0.000000,12.000000,0.000000,6.926688,1.695076,12.000000,0.480000
27,0.000000,0.000000,12.000000,0.000000,7.967793,2.291173,12.000000,0.560000
27,0.000000,0.000000,12.000000,0.000000,8.957932,2.968564,12.000000,0.640000
27,0.000000,0.000000,12.000000,0.000000,9.890770,3.722914,12.000000,0.720000
27,0.000000,0.000000,12.000000,0.000000,10.760342,4.549399,12.000000,0.800000
27,0.000000,0.000000,12.000000,0.000000,11.561083,5.442733,12.000000,0.880000
28,0.000000,0.000000,12.000000,0.000000,0.000000,0.000000,12.000000,0.000000
28,0.000000,0.000000,12.000000,0.000000,1.198720,-0.047974,12.000000,-0.080000
28,0.000000,0.000000,12.000000,0.000000,2.389773,-0.191591,12.000000,-0.160000
28,0.000000,0.000000,12.000000,0.000000,3.565539,-0.429930,12.000000,-0.240000
28,0.000000,0.000000,12.000000,0.000000,4.718498,-0.761469,12.000000,-0.320000
28,0.000000,0.000000,12.000000,0.000000,5.841275,-1.184085,12.000000,-0.400000
28,0.000000,0.000000,12.000000,0.000000,6.926688,-1.695076,12.000000,-0.480000
28,0.000000,0.000000,12.000000,0.000000,7.967793,-2.291173,12.000000,-0.560000
28,0.000000,0.000000,12.000000,0.000000,8.957932,-2.968564,12.000000,-0.640000
28,0.000000,0.000000,12.000000,0.000000,9.890770,-3.722914,12.000000,-0.720000
28,0.000000,0.000000,12.000000,0.000000,10.760342,-4.549399,12.000000,-0.800000
28,0.000000,0.000000,12.000000,0.000000,11.561083,-5.442733,12.000000,-0.880000
29,0.000000,0.000000,12.000000,0.000000,0.000000,0.000000,12.000000,0.000000
29,0.000000,0.000000,12.000000,0.000000,1.198531,0.051397,12.000000,0.085714
29,0.000000,0.000000,12.000000,0.000000,2.388262,0.205211,12.000000,0.171429
29,0.000000,0.000000,12.000000,0.000000,3.560458,0.460312,12.000000,0.257143
29,0.000000,0.000000,12.000000,0.000000,4.706510,0.814828,12.000000,0.342857
29,0.000000,0.000000,12.000000,0.000000,5.818006,1.266155,12.000000,0.428571
29,0.000000,0.000000,12.000000,0.000000,6.886783,1.810980,12.000000,0.514286
29,0.000000,0.000000,12.000000,0.000000,7.904995,2.445301,12.000000,0.600000
29,0.000000,0.000000,12.000000,0.000000,8.865164,3.164463,12.000000,0.685714
29,0.000000,0.000000,12.000000,0.000000,9.760242,3.963184,12.000000,0.771429
29,0.000000,0.000000,12.000000,0.000000,10.583655,4.835599,12.000000,0.857143
29,0.000000,0.000000,12.000000,0.000000,11.329359,5.775304,12.000000,0.942857
30,0.000000,0.000000,12.000000,0.000000,0.000000,0.000000,12.000000,0.000000
30,0.000000,0.000000,12.000000,0.000000,1.198531,-0.051397,12.000000,-0.085714
30,0.000000,0.000000,12.000000,0.000000,2.388262,-0.205211,12.000000,-0.171429
30,0.000000,0.000000,12.000000,0.000000,3.560458,-0.460312,12.000000,-0.257143
30,0.000000,0.000000,12.000000,0.000000,4.706510,-0.814828,12.000000,-0.342857
30,0.000000,0.000000,12.000000,0.000000,5.818006,-1.266155,12.000000,-0.428571
30,0.000000,0.000000,12.000000,0.000000,6.886783,-1.810980,12.000000,-0.514286
30,0.000000,0.000000,12.000000,0.000000,7.904995,-2.445301,12.000000,-0.600000
30,0.000000,0.000000,12.000000,0.000000,8.865164,-3.164463,12.000000,-0.685714
30,0.000000,0.000000,12.000000,0.000000,9.760242,-3.963184,12.000000,-0.771429
30,0.000000,0.000000,12.000000,0.000000,10.583655,-4.835599,12.000000,-0.857143
30,0.000000,0.000000,12.000000,0.000000,11.329359,-5.775304,12.000000,-0.942857
31,0.000000,0.000000,12.000000,0.000000,0.000000,0.000000,12.000000,0.000000
31,0.000000,0.000000,12.000000,0.000000,1.198223,0.056530,12.000000,0.094286
31,0.000000,0.000000,12.000000,0.000000,2.385802,0.225616,12.000000,0.188571
31,0.000000,0.000000,12.000000,0.000000,3.552187,0.505757,12.000000,0.282857
31,0.000000,0.000000,12.000000,0.000000,4.687017,0.894465,12.000000,0.377143
31,0.000000,0.000000,12.000000,0.000000,5.780212,1.388286,12.000000,0.471429
31,0.000000,0.000000,12.000000,0.000000,6.822060,1.982833,12.000000,0.565714
31,0.000000,0.000000,12.000000,0.000000,7.803306,2.672826,12.000000,0.660000
31,0.000000,0.000000,12.000000,0.000000,8.715233,3.452135,12.000000,0.754286
31,0.000000,0.000000,12.000000,0.000000,9.549741,4.313836,12.000000,0.848571
31,0.000000,0.000000,12.000000,0.000000,10.299417,5.250276,12.000000,0.942857
31,0.000000,0.000000,12.000000,0.000000,10.957601,6.253136,12.000000,1.037143
32,0.000000,0.000000,12.000000,0.000000,0.000000,0.000000,12.000000,0.000000
32,0.000000,0.000000,12.000000,0.000000,1.198223,-0.056530,12.000000,-0.094286
32,0.000000,0.000000,12.000000,0.000000,2.385802,-0.225616,12.000000,-0.188571
32,0.000000,0.000000,12.000000,0.000000,3.552187,-0.505757,12.000000,-0.282857
32,0.000000,0.000000,12.000000,0.000000,4.687017,-0.894465,12.000000,-0.377143
32,0.000000,0.000000,12.000000,0.000000,5.780212,-1.388286,12.000000,-0.471429
32,0.000000,0.000000,12.000000,0.000000,6.822060,-1.982833,12.000000,-0.565714
32,0.000000,0.000000,12.000000,0.000000,7.803306,-2.672826,12.000000,-0.660000
32,0.000000,0.000000,12.000000,0.000000,8.715233,-3.452135,12.000000,-0.754286
32,0.000000,0.000000,12.000000,0.000000,9.549741,-4.313836,12.000000,-0.848571
32,0.000000,0.000000,12.000000,0.000000,10.299417,-5.250276,12.000000,-0.942857
32,0.000000,0.000000,12.000000,0.000000,10.957601,-6.253136,12.000000,-1.037143
33,0.000000,0.000000,12.000000,0.000000,0.000000,0.000000,12.000000,0.000000
33,0.000000,0.000000,12.000000,0.000000,1.197885,0.061660,12.000000,0.102857
33,0.000000,0.000000,12.000000,0.000000,2.383109,0.245988,12.000000,0.205714
33,0.000000,0.000000,12.000000,0.000000,3.543142,0.551035,12.000000,0.308571
33,0.000000,0.000000,12.000000,0.000000,4.665723,0.973578,12.000000,0.411429
33,0.000000,0.000000,12.000000,0.000000,5.738986,1.509150,12.000000,0.514286
33,0.000000,0.000000,12.000000,0.000000,6.751587,2.152089,12.000000,0.617143
33,0.000000,0.000000,12.000000,0.000000,7.692821,2.895600,12.000000,0.720000
33,0.000000,0.000000,12.000000,0.000000,8.552741,3.731823,12.000000,0.822857
33,0.000000,0.000000,12.000000,0.000000,9.322256,4.651920,12.000000,0.925714
33,0.000000,0.000000,12.000000,0.000000,9.993231,5.646165,12.000000,1.028571
33,0.000000,0.000000,12.000000,0.000000,10.558576,6.704048,12.000000,1.131429
34,0.000000,0.000000,12.000000,0.000000,0.000000,0.000000,12.000000,0.000000
34,0.000000,0.000000,12.000000,0.000000,1.197885,-0.061660,12.000000,-0.102857
34,0.000000,0.000000,12.000000,0.000000,2.383109,-0.245988,12.000000,-0.205714
34,0.000000,0.000000,12.000000,0.000000,3.543142,-0.551035,12.000000,-0.308571
34,0.000000,0.000000,12.000000,0.000000,4.665723,-0.973578,12.000000,-0.411429
34,0.000000,0.000000,12.000000,0.000000,5.738986,-1.509150,12.000000,-0.514286
34,0.000000,0.000000,12.000000,0.000000,6.751587,-2.152089,12.000000,-0.617143
34,0.000000,0.000000,12.000000,0.000000,7.692821,-2.895600,12.000000,-0.720000
34,0.000000,0.000000,12.000000,0.000000,8.552741,-3.731823,12.000000,-0.822857
34,0.000000,0.000000,12.000000,0.000000,9.322256,-4.651920,12.000000,-0.925714
34,0.000000,0.000000,12.000000,0.000000,9.993231,-5.646165,12.000000,-1.028571
34,0.000000,0.000000,12.000000,0.000000,10.558576,-6.704048,12.000000,-1.131429
35,0.000000,0.000000,12.000000,0.000000,0.000000,0.000000,12.000000,0.000000
35,0.000000,0.000000,12.000000,0.000000,1.197518,0.066788,12.000000,0.111429
35,0.000000,0.000000,12.000000,0.000000,2.380183,0.266324,12.000000,0.222857
35,0.000000,0.000000,12.000000,0.000000,3.533326,0.596132,12.000000,0.334286
35,0.000000,0.000000,12.000000,0.000000,4.642642,1.052122,12.000000,0.445714
35,0.000000,0.000000,12.000000,0.000000,5.694374,1.628638,12.000000,0.557143
35,0.000000,0.000000,12.000000,0.000000,6.675476,2.318529,12.000000,0.668571
35,0.000000,0.000000,12.000000,0.000000,7.573779,3.113239,12.000000,0.780000
35,0.000000,0.000000,12.000000,0.000000,8.378140,4.002909,12.000000,0.891429
35,0.000000,0.000000,12.000000,0.000000,9.078583,4.976506,12.000000,1.002857
35,0.000000,0.000000,12.000000,0.000000,9.666421,6.021952,12.000000,1.114286
35,0.000000,0.000000,12.000000,0.000000,10.134360,7.126282,12.000000,1.225714
36,0.000000,0.000000,12.000000,0.000000,0.000000,0.000000,12.000000,0.000000
36,0.000000,0.000000,12.000000,0.000000,1.197518,-0.066788,12.000000,-0.111429
36,0.000000,0.000000,12.000000,0.000000,2.380183,-0.266324,12.000000,-0.222857
36,0.000000,0.000000,12.000000,0.000000,3.533326,-0.596132,12.000000,-0.334286
36,0.000000,0.000000,12.000000,0.000000,4.642642,-1.052122,12.000000,-0.445714
36,0.000000,0.000000,12.000000,0.000000,5.694374,-1.628638,12.000000,-0.557143
36,0.000000,0.000000,12.000000,0.000000,6.675476,-2.318529,12.000000,-0.668571
36,0.000000,0.000000,12.000000,0.000000,7.573779,-3.113239,12.000000,-0.780000
36,0.000000,0.000000,12.000000,0.000000,8.378140,-4.002909,12.000000,-0.891429
36,0.000000,0.000000,12.000000,0.000000,9.078583,-4.976506,12.000000,-1.002857
36,0.000000,0.000000,12.000000,0.000000,9.666421,-6.021952,12.000000,-1.114286
36,0.000000,0.000000,12.000000,0.000000,10.134360,-7.126282,12.000000,-1.225714
37,0.000000,0.000000,12.000000,0.000000,0.000000,0.000000,12.000000,0.000000
37,0.000000,0.000000,12.000000,0.000000,1.197122,0.071914,12.000000,0.120000
37,0.000000,0.000000,12.000000,0.000000,2.377026,0.286620,12.000000,0.240000
37,0.000000,0.000000,12.000000,0.000000,3.522743,0.641032,12.000000,0.360000
37,0.000000,0.000000,12.000000,0.000000,4.617792,1.130051,12.000000,0.480000
37,0.000000,0.000000,12.000000,0.000000,5.646425,1.746644,12.000000,0.600000
37,0.000000,0.000000,12.000000,0.000000,6.593847,2.481943,12.000000,0.720000
37,0.000000,0.000000,12.000000,0.000000,7.446432,3.325372,12.000000,0.840000
37,0.000000,0.000000,12.000000,0.000000,8.191916,4.264800,12.000000,0.960000
37,0.000000,0.000000,12.000000,0.000000,8.819579,5.286717,12.000000,1.080000
37,0.000000,0.000000,12.000000,0.000000,9.320392,6.376423,12.000000,1.200000
37,0.000000,0.000000,12.000000,0.000000,9.687152,7.518246,12.000000,1.320000
38,0.000000,0.000000,12.000000,0.000000,0.000000,0.000000,12.000000,0.000000
38,0.000000,0.000000,12.000000,0.000000,1.197122,-0.071914,12.000000,-0.120000
38,0.000000,0.000000,12.000000,0.000000,2.377026,-0.286620,12.000000,-0.240000
38,0.000000,0.000000,12.000000,0.000000,3.522743,-0.641032,12.000000,-0.360000
38,0.000000,0.000000,12.000000,0.000000,4.617792,-1.130051,12.000000,-0.480000
38,0.000000,0.000000,12.000000,0.000000,5.646425,-1.746644,12.000000,-0.600000
38,0.000000,0.000000,12.000000,0.000000,6.593847,-2.481943,12.000000,-0.720000
38,0.000000,0.000000,12.000000,0.000000,7.446432,-3.325372,12.000000,-0.840000
38,0.000000,0.000000,12.000000,0.000000,8.191916,-4.264800,12.000000,-0.960000
38,0.000000,0.000000,12.000000,0.000000,8.819579,-5.286717,12.000000,-1.080000
38,0.000000,0.000000,12.000000,0.000000,9.320392,-6.376423,12.000000,-1.200000
38,0.000000,0.000000,12.000000,0.000000,9.687152,-7.518246,12.000000,-1.320000
39,0.000000,0.000000,12.000000,0.000000,0.000000,0.000000,12.000000,0.000000
39,0.000000,0.000000,12.000000,0.000000,1.196697,0.077037,12.000000,0.128571
39,0.000000,0.000000,12.000000,0.000000,2.373639,0.306875,12.000000,0.257143
39,0.000000,0.000000,12.000000,0.000000,3.511397,0.685721,12.000000,0.385714
39,0.000000,0.000000,12.000000,0.000000,4.591189,1.207320,12.000000,0.514286
39,0.000000,0.000000,12.000000,0.000000,5.595191,1.863062,12.000000,0.642857
39,0.000000,0.000000,12.000000,0.000000,6.506828,2.642123,12.000000,0.771429
39,0.000000,0.000000,12.000000,0.000000,7.311052,3.531641,12.000000,0.900000
39,0.000000,0.000000,12.000000,0.000000,7.994586,4.516932,12.000000,1.028571
39,0.000000,0.000000,12.000000,0.000000,8.546146,5.581732,12.000000,1.157143
39,0.000000,0.000000,12.000000,0.000000,8.956628,6.708463,12.000000,1.285714
39,0.000000,0.000000,12.000000,0.000000,9.219255,7.878525,12.000000,1.414286
40,0.000000,0.000000,12.000000,0.000000,0.000000,0.000000,12.000000,0.000000
40,0.000000,0.000000,12.000000,0.000000,1.196697,-0.077037,12.000000,-0.128571
40,0.000000,0.000000,12.000000,0.000000,2.373639,-0.306875,12.000000,-0.257143
40,0.000000,0.000000,12.000000,0.000000,3.511397,-0.685721,12.000000,-0.385714
40,0.000000,0.000000,12.000000,0.000000,4.591189,-1.207320,12.000000,-0.514286
40,0.000000,0.000000,12.000000,0.000000,5.595191,-1.863062,12.000000,-0.642857
40,0.000000,0.000000,12.000000,0.000000,6.506828,-2.642123,12.000000,-0.771429
40,0.000000,0.000000,12.000000,0.000000,7.311052,-3.531641,12.000000,-0.900000
40,0.000000,0.000000,12.000000,0.000000,7.994586,-4.516932,12.000000,-1.028571
40,0.000000,0.000000,12.000000,0.000000,8.546146,-5.581732,12.000000,-1.157143
40,0.000000,0.000000,12.000000,0.000000,8.956628,-6.708463,12.000000,-1.285714
40,0.000000,0.000000,12.000000,0.000000,9.219255,-7.878525,12.000000,-1.414286
41,0.000000,0.000000,12.000000,0.000000,0.000000,0.000000,12.000000,0.000000
41,0.000000,0.000000,12.000000,0.000000,1.196242,0.082157,12.000000,0.137143
41,0.000000,0.000000,12.000000,0.000000,2.370020,0.327085,12.000000,0.274286
41,0.000000,0.000000,12.000000,0.000000,3.499292,0.730184,12.000000,0.411429
41,0.000000,0.000000,12.000000,0.000000,4.562853,1.283885,12.000000,0.548571
41,0.000000,0.000000,12.000000,0.000000,5.540728,1.977790,12.000000,0.685714
41,0.000000,0.000000,12.000000,0.000000,6.414556,2.798868,12.000000,0.822857
41,0.000000,0.000000,12.000000,0.000000,7.167927,3.731701,12.000000,0.960000
41,0.000000,0.000000,12.000000,0.000000,7.786694,4.758771,12.000000,1.097143
41,0.000000,0.000000,12.000000,0.000000,8.259236,5.860791,12.000000,1.234286
41,0.000000,0.000000,12.000000,0.000000,8.576681,7.017066,12.000000,1.371429
41,0.000000,0.000000,12.000000,0.000000,8.733067,8.205884,12.000000,1.508571
42,0.000000,0.000000,12.000000,0.000000,0.000000,0.000000,12.000000,0.000000
42,0.000000,0.000000,12.000000,0.000000,1.196242,-0.082157,12.000000,-0.137143
42,0.000000,0.000000,12.000000,0.000000,2.370020,-0.327085,12.000000,-0.274286
42,0.000000,0.000000,12.000000,0.000000,3.499292,-0.730184,12.000000,-0.411429
42,0.000000,0.000000,12.000000,0.000000,4.562853,-1.283885,12.000000,-0.548571
42,0.000000,0.000000,12.000000,0.000000,5.540728,-1.977790,12.000000,-0.685714
42,0.000000,0.000000,12.000000,0.000000,6.414556,-2.798868,12.000000,-0.822857
42,0.000000,0.000000,12.000000,0.000000,7.167927,-3.731701,12.000000,-0.960000
42,0.000000,0.000000,12.000000,0.000000,7.786694,-4.758771,12.000000,-1.097143
42,0.000000,0.000000,12.000000,0.000000,8.259236,-5.860791,12.000000,-1.234286
42,0.000000,0.000000,12.000000,0.000000,8.576681,-7.017066,12.000000,-1.371429
42,0.000000,0.000000,12.000000,0.000000,8.733067,-8.205884,12.000000,-1.508571
43,0.000000,0.000000,12.000000,0.000000,0.000000,0.000000,12.000000,0.000000
43,0.000000,0.000000,12.000000,0.000000,1.195758,0.087274,12.000000,0.145714
43,0.000000,0.000000,12.000000,0.000000,2.366172,0.347246,12.000000,0.291429
43,0.000000,0.000000,12.000000,0.000000,3.486435,0.774407,12.000000,0.437143
43,0.000000,0.000000,12.000000,0.000000,4.532802,1.359701,12.000000,0.582857
43,0.000000,0.000000,12.000000,0.000000,5.483096,2.090725,12.000000,0.728571
43,0.000000,0.000000,12.000000,0.000000,6.317175,2.951983,12.000000,0.874286
43,0.000000,0.000000,12.000000,0.000000,7.017361,3.925222,12.000000,1.020000
43,0.000000,0.000000,12.000000,0.000000,7.568814,4.989814,12.000000,1.165714
43,0.000000,0.000000,12.000000,0.000000,7.959844,6.123193,12.000000,1.311429
43,0.000000,0.000000,12.000000,0.000000,8.182165,7.301339,12.000000,1.457143
43,0.000000,0.000000,12.000000,0.000000,8.231063,8.499280,12.000000,1.602857
44,0.000000,0.000000,12.000000,0.000000,0.000000,0.000000,12.000000,0.000000
44,0.000000,0.000000,12.000000,0.000000,1.195758,-0.087274,12.000000,-0.145714
44,0.000000,0.000000,12.000000,0.000000,2.366172,-0.347246,12.000000,-0.291429
44,0.000000,0.000000,12.000000,0.000000,3.486435,-0.774407,12.000000,-0.437143
44,0.000000,0.000000,12.000000,0.000000,4.532802,-1.359701,12.000000,-0.582857
44,0.000000,0.000000,12.000000,0.000000,5.483096,-2.090725,12.000000,-0.728571
44,0.000000,0.000000,12.000000,0.000000,6.317175,-2.951983,12.000000,-0.874286
44,0.000000,0.000000,12.000000,0.000000,7.017361,-3.925222,12.000000,-1.020000
44,0.000000,0.000000,12.000000,0.000000,7.568814,-4.989814,12.000000,-1.165714
44,0.000000,0.000000,12.000000,0.000000,7.959844,-6.123193,12.000000,-1.311429
44,0.000000,0.000000,12.000000,0.000000,8.182165,-7.301339,12.000000,-1.457143
44,0.000000,0.000000,12.000000,0.000000,8.231063,-8.499280,12.000000,-1.602857
45,0.000000,0.000000,12.000000,0.000000,0.000000,0.000000,12.000000,0.000000
45,0.000000,0.000000,12.000000,0.000000,1.195245,0.092388,12.000000,0.154286
45,0.000000,0.000000,12.000000,0.000000,2.362095,0.367357,12.000000,0.308571
45,0.000000,0.000000,12.000000,0.000000,3.472829,0.818375,12.000000,0.462857
45,0.000000,0.000000,12.000000,0.000000,4.501059,1.434726,12.000000,0.617143
45,0.000000,0.000000,12.000000,0.000000,5.422358,2.201769,12.000000,0.771429
45,0.000000,0.000000,12.000000,0.000000,6.214838,3.101281,12.000000,0.925714
45,0.000000,0.000000,12.000000,0.000000,6.859673,4.111891,12.000000,1.080000
45,0.000000,0.000000,12.000000,0.000000,7.341544,5.209592,12.000000,1.234286
45,0.000000,0.000000,12.000000,0.000000,7.649002,6.368305,12.000000,1.388571
45,0.000000,0.000000,12.000000,0.000000,7.774744,7.560503,12.000000,1.542857
45,0.000000,0.000000,12.000000,0.000000,7.715782,8.757862,12.000000,1.697143
46,0.000000,0.000000,12.000000,0.000000,0.000000,0.000000,12.000000,0.000000
46,0.000000,0.000000,12.000000,0.000000,1.195245,-0.092388,12.000000,-0.154286
46,0.000000,0.000000,12.000000,0.000000,2.362095,-0.367357,12.000000,-0.308571
46,0.000000,0.000000,12.000000,0.000000,3.472829,-0.818375,12.000000,-0.462857
46,0.000000,0.000000,12.000000,0.000000,4.501059,-1.434726,12.000000,-0.617143
46,0.000000,0.000000,12.000000,0.000000,5.422358,-2.201769,12.000000,-0.771429
46,0.000000,0.000000,12.000000,0.000000,6.214838,-3.101281,12.000000,-0.925714
46,0.000000,0.000000,12.000000,0.000000,6.859673,-4.111891,12.000000,-1.080000
46,0.000000,0.000000,12.000000,0.000000,7.341544,-5.209592,12.000000,-1.234286
46,0.000000,0.000000,12.000000,0.000000,7.649002,-6.368305,12.000000,-1.388571
46,0.000000,0.000000,12.000000,0.000000,7.774744,-7.560503,12.000000,-1.542857
46,0.000000,0.000000,12.000000,0.000000,7.715782,-8.757862,12.000000,-1.697143
47,0.000000,0.000000,12.000000,0.000000,0.000000,0.000000,12.000000,0.000000
47,0.000000,0.000000,12.000000,0.000000,1.194703,0.097499,12.000000,0.162857
47,0.000000,0.000000,12.000000,0.000000,2.357789,0.387414,12.000000,0.325714
47,0.000000,0.000000,12.000000,0.000000,3.458479,0.862074,12.000000,0.488571
47,0.000000,0.000000,12.000000,0.000000,4.467645,1.508917,12.000000,0.651429
47,0.000000,0.000000,12.000000,0.000000,5.358579,2.310826,12.000000,0.814286
47,0.000000,0.000000,12.000000,0.000000,6.107704,3.246578,12.000000,0.977143
47,0.000000,0.000000,12.000000,0.000000,6.695196,4.291410,12.000000,1.140000
47,0.000000,0.000000,12.000000,0.000000,7.105507,5.417672,12.000000,1.302857
47,0.000000,0.000000,12.000000,0.000000,7.327778,6.595558,12.000000,1.465714
47,0.000000,0.000000,12.000000,0.000000,7.356129,7.793897,12.000000,1.628571
47,0.000000,0.000000,12.000000,0.000000,7.189807,8.980977,12.000000,1.791429
48,0.000000,0.000000,12.000000,0.000000,0.000000,0.000000,12.000000,0.000000
48,0.000000,0.000000,12.000000,0.000000,1.194703,-0.097499,12.000000,-0.162857
48,0.000000,0.000000,12.000000,0.000000,2.357789,-0.387414,12.000000,-0.325714
48,0.000000,0.000000,12.000000,0.000000,3.458479,-0.862074,12.000000,-0.488571
48,0.000000,0.000000,12.000000,0.000000,4.467645,-1.508917,12.000000,-0.651429
48,0.000000,0.000000,12.000000,0.000000,5.358579,-2.310826,12.000000,-0.814286
48,0.000000,0.000000,12.000000,0.000000,6.107704,-3.246578,12.000000,-0.977143
48,0.000000,0.000000,12.000000,0.000000,6.695196,-4.291410,12.000000,-1.140000
48,0.000000,0.000000,12.000000,0.000000,7.105507,-5.417672,12.000000,-1.302857
48,0.000000,0.000000,12.000000,0.000000,7.327778,-6.595558,12.000000,-1.465714
48,0.000000,0.000000,12.000000,0.000000,7.356129,-7.793897,12.000000,-1.628571
48,0.000000,0.000000,12.000000,0.000000,7.189807,-8.980977,12.000000,-1.791429
49,0.000000,0.000000,12.000000,0.000000,0.000000,0.000000,12.000000,0.000000
49,0.000000,0.000000,12.000000,0.000000,1.194131,0.102606,12.000000,0.171429
49,0.000000,0.000000,12.000000,0.000000,2.353256,0.407414,12.000000,0.342857
49,0.000000,0.000000,12.000000,0.000000,3.443393,0.905490,12.000000,0.514286
49,0.000000,0.000000,12.000000,0.000000,4.432583,1.582232,12.000000,0.685714
49,0.000000,0.000000,12.000000,0.000000,5.291829,2.417800,12.000000,0.857143
49,0.000000,0.000000,12.000000,0.000000,5.995940,3.387700,12.000000,1.028571
49,0.000000,0.000000,12.000000,0.000000,6.524276,4.463497,12.000000,1.200000
49,0.000000,0.000000,12.000000,0.000000,6.861346,5.613654,12.000000,1.371429
49,0.000000,0.000000,12.000000,0.000000,6.997270,6.804453,12.000000,1.542857
49,0.000000,0.000000,12.000000,0.000000,6.928063,8.000985,12.000000,1.714286
49,0.000000,0.000000,12.000000,0.000000,6.655755,9.168172,12.000000,1.885714
50,0.000000,0.000000,12.000000,0.000000,0.000000,0.000000,12.000000,0.000000
50,0.000000,0.000000,12.000000,0.000000,1.194131,-0.102606,12.000000,-0.171429
50,0.000000,0.000000,12.000000,0.000000,2.353256,-0.407414,12.000000,-0.342857
50,0.000000,0.000000,12.000000,0.000000,3.443393,-0.905490,12.000000,-0.514286
50,0.000000,0.000000,12.000000,0.000000,4.432583,-1.582232,12.000000,-0.685714
50,0.000000,0.000000,12.000000,0.000000,5.291829,-2.417800,12.000000,-0.857143
50,0.000000,0.000000,12.000000,0.000000,5.995940,-3.387700,12.000000,-1.028571
50,0.000000,0.000000,12.000000,0.000000,6.524276,-4.463497,12.000000,-1.200000
50,0.000000,0.000000,12.000000,0.000000,6.861346,-5.613654,12.000000,-1.371429
50,0.000000,0.000000,12.000000,0.000000,6.997270,-6.804453,12.000000,-1.542857
50,0.000000,0.000000,12.000000,0.000000,6.928063,-8.000985,12.000000,-1.714286
50,0.000000,0.000000,12.000000,0.000000,6.655755,-9.168172,12.000000,-1.885714
51,0.000000,0.000000,12.000000,0.000000,0.000000,0.000000,12.000000,0.000000
51,0.000000,0.000000,12.000000,0.000000,1.193114,0.111109,12.000000,0.185714
51,0.000000,0.000000,12.000000,0.000000,2.345197,0.440614,12.000000,0.371429
51,0.000000,0.000000,12.000000,0.000000,3.416626,0.977183,12.000000,0.557143
51,0.000000,0.000000,12.000000,0.000000,4.370555,1.702364,12.000000,0.742857
51,0.000000,0.000000,12.000000,0.000000,5.174176,2.591217,12.000000,0.928571
51,0.000000,0.000000,12.000000,0.000000,5.799854,3.613173,12.000000,1.114286
51,0.000000,0.000000,12.000000,0.000000,6.226071,4.733086,12.000000,1.300000
51,0.000000,0.000000,12.000000,0.000000,6.438168,5.912443,12.000000,1.485714
51,0.000000,0.000000,12.000000,0.000000,6.428851,7.110684,12.000000,1.671429
51,0.000000,0.000000,12.000000,0.000000,6.198441,8.286600,12.000000,1.857143
51,0.000000,0.000000,12.000000,0.000000,5.754862,9.399750,12.000000,2.042857
52,0.000000,0.000000,12.000000,0.000000,0.000000,0.000000,12.000000,0.000000
52,0.000000,0.000000,12.000000,0.000000,1.193114,-0.111109,12.000000,-0.185714
52,0.000000,0.000000,12.000000,0.000000,2.345197,-0.440614,12.000000,-0.371429
52,0.000000,0.000000,12.000000,0.000000,3.416626,-0.977183,12.000000,-0.557143
52,0.000000,0.000000,12.000000,0.000000,4.370555,-1.702364,12.000000,-0.742857
52,0.000000,0.000000,12.000000,0.000000,5.174176,-2.591217,12.000000,-0.928571
52,0.000000,0.000000,12.000000,0.000000,5.799854,-3.613173,12.000000,-1.114286
52,0.000000,0.000000,12.000000,0.000000,6.226071,-4.733086,12.000000,-1.300000
52,0.000000,0.000000,12.000000,0.000000,6.438168,-5.912443,12.000000,-1.485714
52,0.000000,0.000000,12.000000,0.000000,6.428851,-7.110684,12.000000,-1.671429
52,0.000000,0.000000,12.000000,0.000000,6.198441,-8.286600,12.000000,-1.857143
52,0.000000,0.000000,12.000000,0.000000,5.754862,-9.399750,12.000000,-2.042857
53,0.000000,0.000000,12.000000,0.000000,0.000000,0.000000,12.000000,0.000000
53,0.000000,0.000000,12.000000,0.000000,1.192017,0.119601,12.000000,0.200000
53,0.000000,0.000000,12.000000,0.000000,2.336511,0.473634,12.000000,0.400000
53,0.000000,0.000000,12.000000,0.000000,3.387857,1.047987,12.000000,0.600000
53,0.000000,0.000000,12.000000,0.000000,4.304139,1.819761,12.000000,0.800000
53,0.000000,0.000000,12.000000,0.000000,5.048829,2.758188,12.000000,1.000000
53,0.000000,0.000000,12.000000,0.000000,5.592238,3.825856,12.000000,1.200000
53,0.000000,0.000000,12.000000,0.000000,5.912702,4.980200,12.000000,1.400000
53,0.000000,0.000000,12.000000,0.000000,5.997445,6.175201,12.000000,1.600000
53,0.000000,0.000000,12.000000,0.000000,5.843089,7.363217,12.000000,1.800000
53,0.000000,0.000000,12.000000,0.000000,5.455788,8.496886,12.000000,2.000000
53,0.000000,0.000000,12.000000,0.000000,4.850981,9.531012,12.000000,2.200000
54,0.000000,0.000000,12.000000,0.000000,0.000000,0.000000,12.000000,0.000000
54,0.000000,0.000000,12.000000,0.000000,1.192017,-0.119601,12.000000,-0.200000
54,0.000000,0.000000,12.000000,0.000000,2.336511,-0.473634,12.000000,-0.400000
54,0.000000,0.000000,12.000000,0.000000,3.387857,-1.047987,12.000000,-0.600000
54,0.000000,0.000000,12.000000,0.000000,4.304139,-1.819761,12.000000,-0.800000
54,0.000000,0.000000,12.000000,0.000000,5.048829,-2.758188,12.000000,-1.000000
54,0.000000,0.000000,12.000000,0.000000,5.592238,-3.825856,12.000000,-1.200000
54,0.000000,0.000000,12.000000,0.000000,5.912702,-4.980200,12.000000,-1.400000
54,0.000000,0.000000,12.000000,0.000000,5.997445,-6.175201,12.000000,-1.600000
54,0.000000,0.000000,12.000000,0.000000,5.843089,-7.363217,12.000000,-1.800000
54,0.000000,0.000000,12.000000,0.000000,5.455788,-8.496886,12.000000,-2.000000
54,0.000000,0.000000,12.000000,0.000000,4.850981,-9.531012,12.000000,-2.200000
55,0.000000,0.000000,12.000000,0.000000,0.000000,0.000000,12.000000,0.000000
55,0.000000,0.000000,12.000000,0.000000,1.190838,0.128080,12.000000,0.214286
55,0.000000,0.000000,12.000000,0.000000,2.327204,0.506462,12.000000,0.428571
55,0.000000,0.000000,12.000000,0.000000,3.357117,1.117838,12.000000,0.642857
55,0.000000,0.000000,12.000000,0.000000,4.233465,1.934241,12.000000,0.857143
55,0.000000,0.000000,12.000000,0.000000,4.916162,2.918327,12.000000,1.071429
55,0.000000,0.000000,12.000000,0.000000,5.373980,4.025080,12.000000,1.285714
55,0.000000,0.000000,12.000000,0.000000,5.585976,5.203875,12.000000,1.500000
55,0.000000,0.000000,12.000000,0.000000,5.542453,6.400791,12.000000,1.714286
55,0.000000,0.000000,12.000000,0.000000,5.245402,7.561076,12.000000,1.928571
55,0.000000,0.000000,12.000000,0.000000,4.708411,8.631655,12.000000,2.142857
55,0.000000,0.000000,12.000000,0.000000,3.956044,9.563559,12.000000,2.357143
56,0.000000,0.000000,12.000000,0.000000,0.000000,0.000000,12.000000,0.000000
56,0.000000,0.000000,12.000000,0.000000,1.190838,-0.128080,12.000000,-0.214286
56,0.000000,0.000000,12.000000,0.000000,2.327204,-0.506462,12.000000,-0.428571
56,0.000000,0.000000,12.000000,0.000000,3.357117,-1.117838,12.000000,-0.642857
56,0.000000,0.000000,12.000000,0.000000,4.233465,-1.934241,12.000000,-0.857143
56,0.000000,0.000000,12.000000,0.000000,4.916162,-2.918327,12.000000,-1.071429
56,0.000000,0.000000,12.000000,0.000000,5.373980,-4.025080,12.000000,-1.285714
56,0.000000,0.000000,12.000000,0.000000,5.585976,-5.203875,12.000000,-1.500000
56,0.000000,0.000000,12.000000,0.000000,5.542453,-6.400791,12.000000,-1.714286
56,0.000000,0.000000,12.000000,0.000000,5.245402,-7.561076,12.000000,-1.928571
56,0.000000,0.000000,12.000000,0.000000,4.708411,-8.631655,12.000000,-2.142857
56,0.000000,0.000000,12.000000,0.000000,3.956044,-9.563559,12.000000,-2.357143
57,0.000000,0.000000,12.000000,0.000000,0.000000,0.000000,12.000000,0.000000
57,0.000000,0.000000,12.000000,0.000000,1.189579,0.136547,12.000000,0.228571
57,0.000000,0.000000,12.000000,0.000000,2.317279,0.539085,12.000000,0.457143
57,0.000000,0.000000,12.000000,0.000000,3.324440,1.186675,12.000000,0.685714
57,0.000000,0.000000,12.000000,0.000000,4.158670,2.045630,12.000000,0.914286
57,0.000000,0.000000,12.000000,0.000000,4.776575,3.071270,12.000000,1.142857
57,0.000000,0.000000,12.000000,0.000000,5.146013,4.210243,12.000000,1.371429
57,0.000000,0.000000,12.000000,0.000000,5.247766,5.403303,12.000000,1.600000
57,0.000000,0.000000,12.000000,0.000000,5.076543,6.588388,12.000000,1.828571
57,0.000000,0.000000,12.000000,0.000000,4.641248,7.703853,12.000000,2.057143
57,0.000000,0.000000,12.000000,0.000000,3.964526,8.691674,12.000000,2.285714
57,0.000000,0.000000,12.000000,0.000000,3.081577,9.500468,12.000000,2.514286
58,0.000000,0.000000,12.000000,0.000000,0.000000,0.000000,12.000000,0.000000
58,0.000000,0.000000,12.000000,0.000000,1.189579,-0.136547,12.000000,-0.228571
58,0.000000,0.000000,12.000000,0.000000,2.317279,-0.539085,12.000000,-0.457143
58,0.000000,0.000000,12.000000,0.000000,3.324440,-1.186675,12.000000,-0.685714
58,0.000000,0.000000,12.000000,0.000000,4.158670,-2.045630,12.000000,-0.914286
58,0.000000,0.000000,12.000000,0.000000,4.776575,-3.071270,12.000000,-1.142857
58,0.000000,0.000000,12.000000,0.000000,5.146013,-4.210243,12.000000,-1.371429
58,0.000000,0.000000,12.000000,0.000000,5.247766,-5.403303,12.000000,-1.600000
58,0.000000,0.000000,12.000000,0.000000,5.076543,-6.588388,12.000000,-1.828571
58,0.000000,0.000000,12.000000,0.000000,4.641248,-7.703853,12.000000,-2.057143
58,0.000000,0.000000,12.000000,0.000000,3.964526,-8.691674,12.000000,-2.285714
58,0.000000,0.000000,12.000000,0.000000,3.081577,-9.500468,12.000000,-2.514286
59,0.000000,0.000000,12.000000,0.000000,0.000000,0.000000,12.000000,0.000000
59,0.000000,0.000000,12.000000,0.000000,1.188240,0.145000,12.000000,0.242857
59,0.000000,0.000000,12.000000,0.000000,2.306742,0.571489,12.000000,0.485714
59,0.000000,0.000000,12.000000,0.000000,3.289861,1.254436,12.000000,0.728571
59,0.000000,0.000000,12.000000,0.000000,4.079897,2.153760,12.000000,0.971429
59,0.000000,0.000000,12.000000,0.000000,4.630483,3.216678,12.000000,1.214286
59,0.000000,0.000000,12.000000,0.000000,4.909304,4.380808,12.000000,1.457143
59,0.000000,0.000000,12.000000,0.000000,4.899997,5.577827,12.000000,1.700000
59,0.000000,0.000000,12.000000,0.000000,4.603107,6.737480,12.000000,1.942857
59,0.000000,0.000000,12.000000,0.000000,4.036060,7.791709,12.000000,2.185714
59,0.000000,0.000000,12.000000,0.000000,3.232136,8.678639,12.000000,2.428571
59,0.000000,0.000000,12.000000,0.000000,2.238517,9.346217,12.000000,2.671429
60,0.000000,0.000000,12.000000,0.000000,0.000000,0.000000,12.000000,0.000000
60,0.000000,0.000000,12.000000,0.000000,1.188240,-0.145000,12.000000,-0.242857
60,0.000000,0.000000,12.000000,0.000000,2.306742,-0.571489,12.000000,-0.485714
60,0.000000,0.000000,12.000000,0.000000,3.289861,-1.254436,12.000000,-0.728571
60,0.000000,0.000000,12.000000,0.000000,4.079897,-2.153760,12.000000,-0.971429
60,0.000000,0.000000,12.000000,0.000000,4.630483,-3.216678,12.000000,-1.214286
60,0.000000,0.000000,12.000000,0.000000,4.909304,-4.380808,12.000000,-1.457143
60,0.000000,0.000000,12.000000,0.000000,4.899997,-5.577827,12.000000,-1.700000
60,0.000000,0.000000,12.000000,0.000000,4.603107,-6.737480,12.000000,-1.942857
60,0.000000,0.000000,12.000000,0.000000,4.036060,-7.791709,12.000000,-2.185714
60,0.000000,0.000000,12.000000,0.000000,3.232136,-8.678639,12.000000,-2.428571
60,0.000000,0.000000,12.000000,0.000000,2.238517,-9.346217,12.000000,-2.671429
61,0.000000,0.000000,12.000000,0.000000,0.000000,0.000000,12.000000,0.000000
61,0.000000,0.000000,12.000000,0.000000,1.186821,0.153438,12.000000,0.257143
61,0.000000,0.000000,12.000000,0.000000,2.295598,0.603661,12.000000,0.514286
61,0.000000,0.000000,12.000000,0.000000,3.253419,1.321063,12.000000,0.771429
61,0.000000,0.000000,12.000000,0.000000,3.997298,2.258469,12.000000,1.028571
61,0.000000,0.000000,12.000000,0.000000,4.478320,3.354236,12.000000,1.285714
61,0.000000,0.000000,12.000000,0.000000,4.664852,4.536308,12.000000,1.542857
61,0.000000,0.000000,12.000000,0.000000,4.544629,5.726952,12.000000,1.800000
61,0.000000,0.000000,12.000000,0.000000,4.125556,6.847873,12.000000,2.057143
61,0.000000,0.000000,12.000000,0.000000,3.435191,7.825361,12.000000,2.314286
61,0.000000,0.000000,12.000000,0.000000,2.518931,8.595138,12.000000,2.571429
61,0.000000,0.000000,12.000000,0.000000,1.437030,9.106583,12.000000,2.828571
62,0.000000,0.000000,12.000000,0.000000,0.000000,0.000000,12.000000,0.000000
62,0.000000,0.000000,12.000000,0.000000,1.186821,-0.153438,12.000000,-0.257143
62,0.000000,0.000000,12.000000,0.000000,2.295598,-0.603661,12.000000,-0.514286
62,0.000000,0.000000,12.000000,0.000000,3.253419,-1.321063,12.000000,-0.771429
62,0.000000,0.000000,12.000000,0.000000,3.997298,-2.258469,12.000000,-1.028571
62,0.000000,0.000000,12.000000,0.000000,4.478320,-3.354236,12.000000,-1.285714
62,0.000000,0.000000,12.000000,0.000000,4.664852,-4.536308,12.000000,-1.542857
62,0.000000,0.000000,12.000000,0.000000,4.544629,-5.726952,12.000000,-1.800000
62,0.000000,0.000000,12.000000,0.000000,4.125556,-6.847873,12.000000,-2.057143
62,0.000000,0.000000,12.000000,0.000000,3.435191,-7.825361,12.000000,-2.314286
62,0.000000,0.000000,12.000000,0.000000,2.518931,-8.595138,12.000000,-2.571429
62,0.000000,0.000000,12.000000,0.000000,1.437030,-9.106583,12.000000,-2.828571
63,0.000000,0.000000,12.000000,0.000000,0.000000,0.000000,12.000000,0.000000
63,0.000000,0.000000,12.000000,0.000000,1.185322,0.161860,12.000000,0.271429
63,0.000000,0.000000,12.000000,0.000000,2.283852,0.635588,12.000000,0.542857
63,0.000000,0.000000,12.000000,0.000000,3.215153,1.386498,12.000000,0.814286
63,0.000000,0.000000,12.000000,0.000000,3.911033,2.359605,12.000000,1.085714
63,0.000000,0.000000,12.000000,0.000000,4.320538,3.483656,12.000000,1.357143
63,0.000000,0.000000,12.000000,0.000000,4.413684,4.676346,12.000000,1.628571
63,0.000000,0.000000,12.000000,0.000000,4.183650,5.850344,12.000000,1.900000
63,0.000000,0.000000,12.000000,0.000000,3.647280,6.919686,12.000000,2.171429
63,0.000000,0.000000,12.000000,0.000000,2.843848,7.806074,12.000000,2.442857
63,0.000000,0.000000,12.000000,0.000000,1.832182,8.444603,12.000000,2.714286
63,0.000000,0.000000,12.000000,0.000000,0.686360,8.788519,12.000000,2.985714
64,0.000000,0.000000,12.000000,0.000000,0.000000,0.000000,12.000000,0.000000
64,0.000000,0.000000,12.000000,0.000000,1.185322,-0.161860,12.000000,-0.271429
64,0.000000,0.000000,12.000000,0.000000,2.283852,-0.635588,12.000000,-0.542857
64,0.000000,0.000000,12.000000,0.000000,3.215153,-1.386498,12.000000,-0.814286
64,0.000000,0.000000,12.000000,0.000000,3.911033,-2.359605,12.000000,-1.085714
64,0.000000,0.000000,12.000000,0.000000,4.320538,-3.483656,12.000000,-1.357143
64,0.000000,0.000000,12.000000,0.000000,4.413684,-4.676346,12.000000,-1.628571
64,0.000000,0.000000,12.000000,0.000000,4.183650,-5.850344,12.000000,-1.900000
64,0.000000,0.000000,12.000000,0.000000,3.647280,-6.919686,12.000000,-2.171429
64,0.000000,0.000000,12.000000,0.000000,2.843848,-7.806074,12.000000,-2.442857
64,0.000000,0.000000,12.000000,0.000000,1.832182,-8.444603,12.000000,-2.714286
64,0.000000,0.000000,12.000000,0.000000,0.686360,-8.788519,12.000000,-2.985714
