0,0.000000,0.000000,12.000000,0.000000,0.000000,0.000000,12.000000,0.000000
0,0.000000,0.000000,12.000000,0.000000,1.200000,0.000000,12.000000,0.000000
0,0.000000,0.000000,12.000000,0.000000,2.400000,0.000000,12.000000,0.000000
0,0.000000,0.000000,12.000000,0.000000,3.600000,0.000000,12.000000,0.000000
0,0.000000,0.000000,12.000000,0.000000,4.800000,0.000000,12.000000,0.000000
0,0.000000,0.000000,12.000000,0.000000,6.000000,0.000000,12.000000,0.000000
0,0.000000,0.000000,12.000000,0.000000,7.200000,0.000000,12.000000,0.000000
0,0.000000,0.000000,12.000000,0.000000,8.400000,0.000000,12.000000,0.000000
0,0.000000,0.000000,12.000000,0.000000,9.600000,0.000000,12.000000,0.000000
0,0.000000,0.000000,12.000000,0.000000,10.800000,0.000000,12.000000,0.000000
0,0.000000,0.000000,12.000000,0.000000,12.000000,0.000000,12.000000,0.000000
0,0.000000,0.000000,12.000000,0.000000,13.200000,0.000000,12.000000,0.000000
1,0.000000,0.000000,12.000000,0.000000,0.000000,0.000000,12.000000,0.000000
1,0.000000,0.000000,12.000000,0.000000,1.199995,0.003000,12.000000,0.005000
1,0.000000,0.000000,12.000000,0.000000,2.399960,0.012000,12.000000,0.010000
1,0.000000,0.000000,12.000000,0.000000,3.599865,0.026999,12.000000,0.015000
1,0.000000,0.000000,12.000000,0.000000,4.799680,0.047998,12.000000,0.020000
1,0.000000,0.000000,12.000000,0.000000,5.999375,0.074996,12.000000,0.025000
1,0.000000,0.000000,12.000000,0.000000,7.198920,0.107992,12.000000,0.030000
1,0.000000,0.000000,12.000000,0.000000,8.398285,0.146985,12.000000,0.035000
1,0.000000,0.000000,12.000000,0.000000,9.597440,0.191974,12.000000,0.040000
1,0.000000,0.000000,12.000000,0.000000,10.796355,0.242959,12.000000,0.045000
1,0.000000,0.000000,12.000000,0.000000,11.995001,0.299938,12.000000,0.050000
1,0.000000,0.000000,12.000000,0.000000,13.193346,0.362909,12.000000,0.055000
2,0.000000,0.000000,12.000000,0.000000,0.000000,0.000000,12.000000,0.000000
2,0.000000,0.000000,12.000000,0.000000,1.199995,-0.003000,12.000000,-0.005000
2,0.000000,0.000000,12.000000,0.000000,2.399960,-0.012000,12.000000,-0.010000
2,0.000000,0.000000,12.000000,0.000000,3.599865,-0.026999,12.000000,-0.015000
2,0.000000,0.000000,12.000000,0.000000,4.799680,-0.047998,12.000000,-0.020000
2,0.000000,0.000000,12.000000,0.000000,5.999375,-0.074996,12.000000,-0.025000
2,0.000000,0.000000,12.000000,0.000000,7.198920,-0.107992,12.000000,-0.030000
2,0.000000,0.000000,12.000000,0.000000,8.398285,-0.146985,12.000000,-0.035000
2,0.000000,0.000000,12.000000,0.000000,9.597440,-0.191974,12.000000,-0.040000
2,0.000000,0.000000,12.000000,0.000000,10.796355,-0.242959,12.000000,-0.045000
2,0.000000,0.000000,12.000000,0.000000,11.995001,-0.299938,12.000000,-0.050000
2,0.000000,0.000000,12.000000,0.000000,13.193346,-0.362909,12.000000,-0.055000
3,0.000000,0.000000,12.000000,0.000000,0.000000,0.000000,12.000000,0.000000
3,0.000000,0.000000,12.000000,0.000000,1.199980,0.006000,12.000000,0.010000
3,0.000000,0.000000,12.000000,0.000000,2.399840,0.023999,12.000000,0.020000
3,0.000000,0.000000,12.000000,0.000000,3.599460,0.053996,12.000000,0.030000
3,0.000000,0.000000,12.000000,0.000000,4.798720,0.095987,12.000000,0.040000
3,0.000000,0.000000,12.000000,0.000000,5.997500,0.149969,12.000000,0.050000
3,0.000000,0.000000,12.000000,0.000000,7.195681,0.215935,12.000000,0.060000
3,0.000000,0.000000,12.000000,0.000000,8.393142,0.293880,12.000000,0.070000
3,0.000000,0.000000,12.000000,0.000000,9.589763,0.383795,12.000000,0.080000
3,0.000000,0.000000,12.000000,0.000000,10.785426,0.485672,12.000000,0.090000
3,0.000000,0.000000,12.000000,0.000000,11.980010,0.599500,12.000000,0.100000
3,0.000000,0.000000,12.000000,0.000000,13.173396,0.725268,12.000000,0.110000
4,0.000000,0.000000,12.000000,0.000000,0.000000,0.000000,12.000000,0.000000
4,0.000000,0.000000,12.000000,0.000000,1.199980,-0.006000,12.000000,-0.010000
4,0.000000,0.000000,12.000000,0.000000,2.399840,-0.023999,12.000000,-0.020000
4,0.000000,0.000000,12.000000,0.000000,3.599460,-0.053996,12.000000,-0.030000
4,0.000000,0.000000,12.000000,0.000000,4.798720,-0.095987,12.000000,-0.040000
4,0.000000,0.000000,12.000000,0.000000,5.997500,-0.149969,12.000000,-0.050000
4,0.000000,0.000000,12.000000,0.000000,7.195681,-0.215935,12.000000,-0.060000
4,0.000000,0.000000,12.000000,0.000000,8.393142,-0.293880,12.000000,-0.070000
4,0.000000,0.000000,12.000000,0.000000,9.589763,-0.383795,12.000000,-0.080000
4,0.000000,0.000000,12.000000,0.000000,10.785426,-0.485672,12.000000,-0.090000
4,0.000000,0.000000,12.000000,0.000000,11.980010,-0.599500,12.000000,-0.100000
4,0.000000,0.000000,12.000000,0.000000,13.173396,-0.725268,12.000000,-0.110000
5,0.000000,0.000000,12.000000,0.000000,0.000000,0.000000,12.000000,0.000000
5,0.000000,0.000000,12.000000,0.000000,1.199955,0.009000,12.000000,0.015000
5,0.000000,0.000000,12.000000,0.000000,2.399640,0.035997,12.000000,0.030000
5,0.000000,0.000000,12.000000,0.000000,3.598785,0.080986,12.000000,0.045000
5,0.000000,0.000000,12.000000,0.000000,4.797121,0.143957,12.000000,0.060000
5,0.000000,0.000000,12.000000,0.000000,5.994377,0.224895,12.000000,0.075000
5,0.000000,0.000000,12.000000,0.000000,7.190284,0.323781,12.000000,0.090000
5,0.000000,0.000000,12.000000,0.000000,8.384574,0.440595,12.000000,0.105000
5,0.000000,0.000000,12.000000,0.000000,9.576977,0.575309,12.000000,0.120000
5,0.000000,0.000000,12.000000,0.000000,10.767225,0.727894,12.000000,0.135000
5,0.000000,0.000000,12.000000,0.000000,11.955051,0.898314,12.000000,0.150000
5,0.000000,0.000000,12.000000,0.000000,13.140186,1.086532,12.000000,0.165000
6,0.000000,0.000000,12.000000,0.000000,0.000000,0.000000,12.000000,0.000000
6,0.000000,0.000000,12.000000,0.000000,1.199955,-0.009000,12.000000,-0.015000
6,0.000000,0.000000,12.000000,0.000000,2.399640,-0.035997,12.000000,-0.030000
6,0.000000,0.000000,12.000000,0.000000,3.598785,-0.080986,12.000000,-0.045000
6,0.000000,0.000000,12.000000,0.000000,4.797121,-0.143957,12.000000,-0.060000
6,0.000000,0.000000,12.000000,0.000000,5.994377,-0.224895,12.000000,-0.075000
6,0.000000,0.000000,12.000000,0.000000,7.190284,-0.323781,12.000000,-0.090000
6,0.000000,0.000000,12.000000,0.000000,8.384574,-0.440595,12.000000,-0.105000
6,0.000000,0.000000,12.000000,0.000000,9.576977,-0.575309,12.000000,-0.120000
6,0.000000,0.000000,12.000000,0.000000,10.767225,-0.727894,12.000000,-0.135000
6,0.000000,0.000000,12.000000,0.000000,11.955051,-0.898314,12.000000,-0.150000
6,0.000000,0.000000,12.000000,0.000000,13.140186,-1.086532,12.000000,-0.165000
7,0.000000,0.000000,12.000000,0.000000,0.000000,0.000000,12.000000,0.000000
7,0.000000,0.000000,12.000000,0.000000,1.199920,0.012000,12.000000,0.020000
7,0.000000,0.000000,12.000000,0.000000,2.399360,0.047994,12.000000,0.040000
7,0.000000,0.000000,12.000000,0.000000,3.597840,0.107968,12.000000,0.060000
7,0.000000,0.000000,12.000000,0.000000,4.794882,0.191898,12.000000,0.080000
7,0.000000,0.000000,12.000000,0.000000,5.990005,0.299750,12.000000,0.100000
7,0.000000,0.000000,12.000000,0.000000,7.182732,0.431482,12.000000,0.120000
7,0.000000,0.000000,12.000000,0.000000,8.372587,0.587040,12.000000,0.140000
7,0.000000,0.000000,12.000000,0.000000,9.559092,0.766363,12.000000,0.160000
7,0.000000,0.000000,12.000000,0.000000,10.741774,0.969378,12.000000,0.180000
7,0.000000,0.000000,12.000000,0.000000,11.920160,1.196005,12.000000,0.200000
7,0.000000,0.000000,12.000000,0.000000,13.093777,1.446153,12.000000,0.220000
8,0.000000,0.000000,12.000000,0.000000,0.000000,0.000000,12.000000,0.000000
8,0.000000,0.000000,12.000000,0.000000,1.199920,-0.012000,12.000000,-0.020000
8,0.000000,0.000000,12.000000,0.000000,2.399360,-0.047994,12.000000,-0.040000
8,0.000000,0.000000,12.000000,0.000000,3.597840,-0.107968,12.000000,-0.060000
8,0.000000,0.000000,12.000000,0.000000,4.794882,-0.191898,12.000000,-0.080000
8,0.000000,0.000000,12.000000,0.000000,5.990005,-0.299750,12.000000,-0.100000
8,0.000000,0.000000,12.000000,0.000000,7.182732,-0.431482,12.000000,-0.120000
8,0.000000,0.000000,12.000000,0.000000,8.372587,-0.587040,12.000000,-0.140000
8,0.000000,0.000000,12.000000,0.000000,9.559092,-0.766363,12.000000,-0.160000
8,0.000000,0.000000,12.000000,0.000000,10.741774,-0.969378,12.000000,-0.180000
8,0.000000,0.000000,12.000000,0.000000,11.920160,-1.196005,12.000000,-0.200000
8,0.000000,0.000000,12.000000,0.000000,13.093777,-1.446153,12.000000,-0.220000
9,0.000000,0.000000,12.000000,0.000000,0.000000,0.000000,12.000000,0.000000
9,0.000000,0.000000,12.000000,0.000000,1.199875,0.014999,12.000000,0.025000
9,0.000000,0.000000,12.000000,0.000000,2.399000,0.059988,12.000000,0.050000
9,0.000000,0.000000,12.000000,0.000000,3.596626,0.134937,12.000000,0.075000
9,0.000000,0.000000,12.000000,0.000000,4.792004,0.239800,12.000000,0.100000
9,0.000000,0.000000,12.000000,0.000000,5.984387,0.374512,12.000000,0.125000
9,0.000000,0.000000,12.000000,0.000000,7.173030,0.538988,12.000000,0.150000
9,0.000000,0.000000,12.000000,0.000000,8.357191,0.733126,12.000000,0.175000
9,0.000000,0.000000,12.000000,0.000000,9.536128,0.956804,12.000000,0.200000
9,0.000000,0.000000,12.000000,0.000000,10.709105,1.209883,12.000000,0.225000
9,0.000000,0.000000,12.000000,0.000000,11.875390,1.492204,12.000000,0.250000
9,0.000000,0.000000,12.000000,0.000000,13.034253,1.803591,12.000000,0.275000
10,0.000000,0.000000,12.000000,0.000000,0.000000,0.000000,12.000000,0.000000
10,0.000000,0.000000,12.000000,0.000000,1.199875,-0.014999,12.000000,-0.025000
10,0.000000,0.000000,12.000000,0.000000,2.399000,-0.059988,12.000000,-0.050000
10,0.000000,0.000000,12.000000,0.000000,3.596626,-0.134937,12.000000,-0.075000
10,0.000000,0.000000,12.000000,0.000000,4.792004,-0.239800,12.000000,-0.100000
10,0.000000,0.000000,12.000000,0.000000,5.984387,-0.374512,12.000000,-0.125000
10,0.000000,0.000000,12.000000,0.000000,7.173030,-0.538988,12.000000,-0.150000
10,0.000000,0.000000,12.000000,0.000000,8.357191,-0.733126,12.000000,-0.175000
10,0.000000,0.000000,12.000000,0.000000,9.536128,-0.956804,12.000000,-0.200000
10,0.000000,0.000000,12.000000,0.000000,10.709105,-1.209883,12.000000,-0.225000
10,0.000000,0.000000,12.000000,0.000000,11.875390,-1.492204,12.000000,-0.250000
10,0.000000,0.000000,12.000000,0.000000,13.034253,-1.803591,12.000000,-0.275000
11,0.000000,0.000000,12.000000,0.000000,0.000000,0.000000,12.000000,0.000000
11,0.000000,0.000000,12.000000,0.000000,1.199820,0.017999,12.000000,0.030000
11,0.000000,0.000000,12.000000,0.000000,2.398560,0.071978,12.000000,0.060000
11,0.000000,0.000000,12.000000,0.000000,3.595142,0.161891,12.000000,0.090000
11,0.000000,0.000000,12.000000,0.000000,4.788488,0.287655,12.000000,0.120000
11,0.000000,0.000000,12.000000,0.000000,5.977525,0.449157,12.000000,0.150000
11,0.000000,0.000000,12.000000,0.000000,7.161183,0.646252,12.000000,0.180000
11,0.000000,0.000000,12.000000,0.000000,8.338396,0.878763,12.000000,0.210000
11,0.000000,0.000000,12.000000,0.000000,9.508105,1.146481,12.000000,0.240000
11,0.000000,0.000000,12.000000,0.000000,10.669257,1.449164,12.000000,0.270000
11,0.000000,0.000000,12.000000,0.000000,11.820808,1.786540,12.000000,0.300000
11,0.000000,0.000000,12.000000,0.000000,12.961721,2.158306,12.000000,0.330000
12,0.000000,0.000000,12.000000,0.000000,0.000000,0.000000,12.000000,0.000000
12,0.000000,0.000000,12.000000,0.000000,1.199820,-0.017999,12.000000,-0.030000
12,0.000000,0.000000,12.000000,0.000000,2.398560,-0.071978,12.000000,-0.060000
12,0.000000,0.000000,12.000000,0.000000,3.595142,-0.161891,12.000000,-0.090000
12,0.000000,0.000000,12.000000,0.000000,4.788488,-0.287655,12.000000,-0.120000
12,0.000000,0.000000,12.000000,0.000000,5.977525,-0.449157,12.000000,-0.150000
12,0.000000,0.000000,12.000000,0.000000,7.161183,-0.646252,12.000000,-0.180000
12,0.000000,0.000000,12.000000,0.000000,8.338396,-0.878763,12.000000,-0.210000
12,0.000000,0.000000,12.000000,0.000000,9.508105,-1.146481,12.000000,-0.240000
12,0.000000,0.000000,12.000000,0.000000,10.669257,-1.449164,12.000000,-0.270000
12,0.000000,0.000000,12.000000,0.000000,11.820808,-1.786540,12.000000,-0.300000
12,0.000000,0.000000,12.000000,0.000000,12.961721,-2.158306,12.000000,-0.330000
13,0.000000,0.000000,12.000000,0.000000,0.000000,0.000000,12.000000,0.000000
13,0.000000,0.000000,12.000000,0.000000,1.199755,0.020998,12.000000,0.035000
13,0.000000,0.000000,12.000000,0.000000,2.398040,0.083966,12.000000,0.070000
13,0.000000,0.000000,12.000000,0.000000,3.593389,0.188826,12.000000,0.105000
13,0.000000,0.000000,12.000000,0.000000,4.784335,0.335452,12.000000,0.140000
13,0.000000,0.000000,12.000000,0.000000,5.969422,0.523662,12.000000,0.175000
13,0.000000,0.000000,12.000000,0.000000,7.147197,0.753226,12.000000,0.210000
13,0.000000,0.000000,12.000000,0.000000,8.316217,1.023863,12.000000,0.245000
13,0.000000,0.000000,12.000000,0.000000,9.475051,1.335242,12.000000,0.280000
13,0.000000,0.000000,12.000000,0.000000,10.622279,1.686981,12.000000,0.315000
13,0.000000,0.000000,12.000000,0.000000,11.756496,2.078650,12.000000,0.350000
13,0.000000,0.000000,12.000000,0.000000,12.876313,2.509768,12.000000,0.385000
14,0.000000,0.000000,12.000000,0.000000,0.000000,0.000000,12.000000,0.000000
14,0.000000,0.000000,12.000000,0.000000,1.199755,-0.020998,12.000000,-0.035000
14,0.000000,0.000000,12.000000,0.000000,2.398040,-0.083966,12.000000,-0.070000
14,0.000000,0.000000,12.000000,0.000000,3.593389,-0.188826,12.000000,-0.105000
14,0.000000,0.000000,12.000000,0.000000,4.784335,-0.335452,12.000000,-0.140000
14,0.000000,0.000000,12.000000,0.000000,5.969422,-0.523662,12.000000,-0.175000
14,0.000000,0.000000,12.000000,0.000000,7.147197,-0.753226,12.000000,-0.210000
14,0.000000,0.000000,12.000000,0.000000,8.316217,-1.023863,12.000000,-0.245000
14,0.000000,0.000000,12.000000,0.000000,9.475051,-1.335242,12.000000,-0.280000
14,0.000000,0.000000,12.000000,0.000000,10.622279,-1.686981,12.000000,-0.315000
14,0.000000,0.000000,12.000000,0.000000,11.756496,-2.078650,12.000000,-0.350000
14,0.000000,0.000000,12.000000,0.000000,12.876313,-2.509768,12.000000,-0.385000
15,0.000000,0.000000,12.000000,0.000000,0.000000,0.000000,12.000000,0.000000
15,0.000000,0.000000,12.000000,0.000000,1.199680,0.023997,12.000000,0.040000
15,0.000000,0.000000,12.000000,0.000000,2.397441,0.095949,12.000000,0.080000
15,0.000000,0.000000,12.000000,0.000000,3.591366,0.215741,12.000000,0.120000
15,0.000000,0.000000,12.000000,0.000000,4.779546,0.383181,12.000000,0.160000
15,0.000000,0.000000,12.000000,0.000000,5.960080,0.598003,12.000000,0.200000
15,0.000000,0.000000,12.000000,0.000000,7.131079,0.859861,12.000000,0.240000
15,0.000000,0.000000,12.000000,0.000000,8.290669,1.168337,12.000000,0.280000
15,0.000000,0.000000,12.000000,0.000000,9.436997,1.522937,12.000000,0.320000
15,0.000000,0.000000,12.000000,0.000000,10.568227,1.923095,12.000000,0.360000
15,0.000000,0.000000,12.000000,0.000000,11.682550,2.368170,12.000000,0.400000
15,0.000000,0.000000,12.000000,0.000000,12.778184,2.857450,12.000000,0.440000
16,0.000000,0.000000,12.000000,0.000000,0.000000,0.000000,12.000000,0.000000
16,0.000000,0.000000,12.000000,0.000000,1.199680,-0.023997,12.000000,-0.040000
16,0.000000,0.000000,12.000000,0.000000,2.397441,-0.095949,12.000000,-0.080000
16,0.000000,0.000000,12.000000,0.000000,3.591366,-0.215741,12.000000,-0.120000
16,0.000000,0.000000,12.000000,0.000000,4.779546,-0.383181,12.000000,-0.160000
16,0.000000,0.000000,12.000000,0.000000,5.960080,-0.598003,12.000000,-0.200000
16,0.000000,0.000000,12.000000,0.000000,7.131079,-0.859861,12.000000,-0.240000
16,0.000000,0.000000,12.000000,0.000000,8.290669,-1.168337,12.000000,-0.280000
16,0.000000,0.000000,12.000000,0.000000,9.436997,-1.522937,12.000000,-0.320000
16,0.000000,0.000000,12.000000,0.000000,10.568227,-1.923095,12.000000,-0.360000
16,0.000000,0.000000,12.000000,0.000000,11.682550,-2.368170,12.000000,-0.400000
16,0.000000,0.000000,12.000000,0.000000,12.778184,-2.857450,12.000000,-0.440000
17,0.000000,0.000000,12.000000,0.000000,0.000000,0.000000,12.000000,0.000000
17,0.000000,0.000000,12.000000,0.000000,1.199595,0.026995,12.000000,0.045000
17,0.000000,0.000000,12.000000,0.000000,2.396761,0.107927,12.000000,0.090000
17,0.000000,0.000000,12.000000,0.000000,3.589075,0.242631,12.000000,0.135000
17,0.000000,0.000000,12.000000,0.000000,4.774122,0.430835,12.000000,0.180000
17,0.000000,0.000000,12.000000,0.000000,5.949503,0.672157,12.000000,0.225000
17,0.000000,0.000000,12.000000,0.000000,7.112838,0.966109,12.000000,0.270000
17,0.000000,0.000000,12.000000,0.000000,8.261773,1.312097,12.000000,0.315000
17,0.000000,0.000000,12.000000,0.000000,9.393980,1.709418,12.000000,0.360000
17,0.000000,0.000000,12.000000,0.000000,10.507167,2.157269,12.000000,0.405000
17,0.000000,0.000000,12.000000,0.000000,11.599081,2.654744,12.000000,0.450000
17,0.000000,0.000000,12.000000,0.000000,12.667511,3.200834,12.000000,0.495000
18,0.000000,0.000000,12.000000,0.000000,0.000000,0.000000,12.000000,0.000000
18,0.000000,0.000000,12.000000,0.000000,1.199595,-0.026995,12.000000,-0.045000
18,0.000000,0.000000,12.000000,0.000000,2.396761,-0.107927,12.000000,-0.090000
18,0.000000,0.000000,12.000000,0.000000,3.589075,-0.242631,12.000000,-0.135000
18,0.000000,0.000000,12.000000,0.000000,4.774122,-0.430835,12.000000,-0.180000
18,0.000000,0.000000,12.000000,0.000000,5.949503,-0.672157,12.000000,-0.225000
18,0.000000,0.000000,12.000000,0.000000,7.112838,-0.966109,12.000000,-0.270000
18,0.000000,0.000000,12.000000,0.000000,8.261773,-1.312097,12.000000,-0.315000
18,0.000000,0.000000,12.000000,0.000000,9.393980,-1.709418,12.000000,-0.360000
18,0.000000,0.000000,12.000000,0.000000,10.507167,-2.157269,12.000000,-0.405000
18,0.000000,0.000000,12.000000,0.000000,11.599081,-2.654744,12.000000,-0.450000
18,0.000000,0.000000,12.000000,0.000000,12.667511,-3.200834,12.000000,-0.495000
19,0.000000,0.000000,12.000000,0.000000,0.000000,0.000000,12.000000,0.000000
19,0.000000,0.000000,12.000000,0.000000,1.199500,0.029994,12.000000,0.050000
19,0.000000,0.000000,12.000000,0.000000,2.396002,0.119900,12.000000,0.100000
19,0.000000,0.000000,12.000000,0.000000,3.586515,0.269494,12.000000,0.150000
19,0.000000,0.000000,12.000000,0.000000,4.768064,0.478402,12.000000,0.200000
19,0.000000,0.000000,12.000000,0.000000,5.937695,0.746102,12.000000,0.250000
19,0.000000,0.000000,12.000000,0.000000,7.092485,1.071924,12.000000,0.300000
19,0.000000,0.000000,12.000000,0.000000,8.229547,1.455055,12.000000,0.350000
19,0.000000,0.000000,12.000000,0.000000,9.346040,1.894536,12.000000,0.400000
19,0.000000,0.000000,12.000000,0.000000,10.439173,2.389270,12.000000,0.450000
19,0.000000,0.000000,12.000000,0.000000,11.506213,2.938019,12.000000,0.500000
19,0.000000,0.000000,12.000000,0.000000,12.544494,3.539411,12.000000,0.550000
20,0.000000,0.000000,12.000000,0.000000,0.000000,0.000000,12.000000,0.000000
20,0.000000,0.000000,12.000000,0.000000,1.199500,-0.029994,12.000000,-0.050000
20,0.000000,0.000000,12.000000,0.000000,2.396002,-0.119900,12.000000,-0.100000
20,0.000000,0.000000,12.000000,0.000000,3.586515,-0.269494,12.000000,-0.150000
20,0.000000,0.000000,12.000000,0.000000,4.768064,-0.478402,12.000000,-0.200000
20,0.000000,0.000000,12.000000,0.000000,5.937695,-0.746102,12.000000,-0.250000
20,0.000000,0.000000,12.000000,0.000000,7.092485,-1.071924,12.000000,-0.300000
20,0.000000,0.000000,12.000000,0.000000,8.229547,-1.455055,12.000000,-0.350000
20,0.000000,0.000000,12.000000,0.000000,9.346040,-1.894536,12.000000,-0.400000
20,0.000000,0.000000,12.000000,0.000000,10.439173,-2.389270,12.000000,-0.450000
20,0.000000,0.000000,12.000000,0.000000,11.506213,-2.938019,12.000000,-0.500000
20,0.000000,0.000000,12.000000,0.000000,12.544494,-3.539411,12.000000,-0.550000
21,0.000000,0.000000,12.000000,0.000000,0.000000,0.000000,12.000000,0.000000
21,0.000000,0.000000,12.000000,0.000000,1.199395,0.032992,12.000000,0.055000
21,0.000000,0.000000,12.000000,0.000000,2.395163,0.131867,12.000000,0.110000
21,0.000000,0.000000,12.000000,0.000000,3.583687,0.296327,12.000000,0.165000
21,0.000000,0.000000,12.000000,0.000000,4.761374,0.525874,12.000000,0.220000
21,0.000000,0.000000,12.000000,0.000000,5.924660,0.819814,12.000000,0.275000
21,0.000000,0.000000,12.000000,0.000000,7.070030,1.177258,12.000000,0.330000
21,0.000000,0.000000,12.000000,0.000000,8.194018,1.597125,12.000000,0.385000
21,0.000000,0.000000,12.000000,0.000000,9.293225,2.078146,12.000000,0.440000
21,0.000000,0.000000,12.000000,0.000000,10.364327,2.618865,12.000000,0.495000
21,0.000000,0.000000,12.000000,0.000000,11.404085,3.217647,12.000000,0.550000
21,0.000000,0.000000,12.000000,0.000000,12.409354,3.872682,12.000000,0.605000
22,0.000000,0.000000,12.000000,0.000000,0.000000,0.000000,12.000000,0.000000
22,0.000000,0.000000,12.000000,0.000000,1.199395,-0.032992,12.000000,-0.055000
22,0.000000,0.000000,12.000000,0.000000,2.395163,-0.131867,12.000000,-0.110000
22,0.000000,0.000000,12.000000,0.000000,3.583687,-0.296327,12.000000,-0.165000
22,0.000000,0.000000,12.000000,0.000000,4.761374,-0.525874,12.000000,-0.220000
22,0.000000,0.000000,12.000000,0.000000,5.924660,-0.819814,12.000000,-0.275000
22,0.000000,0.000000,12.000000,0.000000,7.070030,-1.177258,12.000000,-0.330000
22,0.000000,0.000000,12.000000,0.000000,8.194018,-1.597125,12.000000,-0.385000
22,0.000000,0.000000,12.000000,0.000000,9.293225,-2.078146,12.000000,-0.440000
22,0.000000,0.000000,12.000000,0.000000,10.364327,-2.618865,12.000000,-0.495000
22,0.000000,0.000000,12.000000,0.000000,11.404085,-3.217647,12.000000,-0.550000
22,0.000000,0.000000,12.000000,0.000000,12.409354,-3.872682,12.000000,-0.605000
23,0.000000,0.000000,12.000000,0.000000,0.000000,0.000000,12.000000,0.000000
23,0.000000,0.000000,12.000000,0.000000,1.199280,0.035989,12.000000,0.060000
23,0.000000,0.000000,12.000000,0.000000,2.394244,0.143827,12.000000,0.120000
23,0.000000,0.000000,12.000000,0.000000,3.580591,0.323126,12.000000,0.180000
23,0.000000,0.000000,12.000000,0.000000,4.754053,0.573241,12.000000,0.240000
23,0.000000,0.000000,12.000000,0.000000,5.910404,0.893270,12.000000,0.300000
23,0.000000,0.000000,12.000000,0.000000,7.045485,1.282064,12.000000,0.360000
23,0.000000,0.000000,12.000000,0.000000,8.155209,1.738221,12.000000,0.420000
23,0.000000,0.000000,12.000000,0.000000,9.235584,2.260102,12.000000,0.480000
23,0.000000,0.000000,12.000000,0.000000,10.282720,2.845826,12.000000,0.540000
23,0.000000,0.000000,12.000000,0.000000,11.292850,3.493288,12.000000,0.600000
23,0.000000,0.000000,12.000000,0.000000,12.262337,4.200155,12.000000,0.660000
24,0.000000,0.000000,12.000000,0.000000,0.000000,0.000000,12.000000,0.000000
24,0.000000,0.000000,12.000000,0.000000,1.199280,-0.035989,12.000000,-0.060000
24,0.000000,0.000000,12.000000,0.000000,2.394244,-0.143827,12.000000,-0.120000
24,0.000000,0.000000,12.000000,0.000000,3.580591,-0.323126,12.000000,-0.180000
24,0.000000,0.000000,12.000000,0.000000,4.754053,-0.573241,12.000000,-0.240000
24,0.000000,0.000000,12.000000,0.000000,5.910404,-0.893270,12.000000,-0.300000
24,0.000000,0.000000,12.000000,0.000000,7.045485,-1.282064,12.000000,-0.360000
24,0.000000,0.000000,12.000000,0.000000,8.155209,-1.738221,12.000000,-0.420000
24,0.000000,0.000000,12.000000,0.000000,9.235584,-2.260102,12.000000,-0.480000
24,0.000000,0.000000,12.000000,0.000000,10.282720,-2.845826,12.000000,-0.540000
24,0.000000,0.000000,12.000000,0.000000,11.292850,-3.493288,12.000000,-0.600000
24,0.000000,0.000000,12.000000,0.000000,12.262337,-4.200155,12.000000,-0.660000
25,0.000000,0.000000,12.000000,0.000000,0.000000,0.000000,12.000000,0.000000
25,0.000000,0.000000,12.000000,0.000000,1.199155,0.038986,12.000000,0.065000
25,0.000000,0.000000,12.000000,0.000000,2.393246,0.155780,12.000000,0.130000
25,0.000000,0.000000,12.000000,0.000000,3.577228,0.349889,12.000000,0.195000
25,0.000000,0.000000,12.000000,0.000000,4.746103,0.620493,12.000000,0.260000
25,0.000000,0.000000,12.000000,0.000000,5.894931,0.966448,12.000000,0.325000
25,0.000000,0.000000,12.000000,0.000000,7.018863,1.386294,12.000000,0.390000
25,0.000000,0.000000,12.000000,0.000000,8.113150,1.878258,12.000000,0.455000
25,0.000000,0.000000,12.000000,0.000000,9.173172,2.440261,12.000000,0.520000
25,0.000000,0.000000,12.000000,0.000000,10.194450,3.069931,12.000000,0.585000
25,0.000000,0.000000,12.000000,0.000000,11.172672,3.764607,12.000000,0.650000
25,0.000000,0.000000,12.000000,0.000000,12.103706,4.521356,12.000000,0.715000
26,0.000000,0.000000,12.000000,0.000000,0.000000,0.000000,12.000000,0.000000
26,0.000000,0.000000,12.000000,0.000000,1.199155,-0.038986,12.000000,-0.065000
26,0.000000,0.000000,12.000000,0.000000,2.393246,-0.155780,12.000000,-0.130000
26,0.000000,0.000000,12.000000,0.000000,3.577228,-0.349889,12.000000,-0.195000
26,0.000000,0.000000,12.000000,0.000000,4.746103,-0.620493,12.000000,-0.260000
26,0.000000,0.000000,12.000000,0.000000,5.894931,-0.966448,12.000000,-0.325000
26,0.000000,0.000000,12.000000,0.000000,7.018863,-1.386294,12.000000,-0.390000
26,0.000000,0.000000,12.000000,0.000000,8.113150,-1.878258,12.000000,-0.455000
26,0.000000,0.000000,12.000000,0.000000,9.173172,-2.440261,12.000000,-0.520000
26,0.000000,0.000000,12.000000,0.000000,10.194450,-3.069931,12.000000,-0.585000
26,0.000000,0.000000,12.000000,0.000000,11.172672,-3.764607,12.000000,-0.650000
26,0.000000,0.000000,12.000000,0.000000,12.103706,-4.521356,12.000000,-0.715000
27,0.000000,0.000000,12.000000,0.000000,0.000000,0.000000,12.000000,0.000000
27,0.000000,0.000000,12.000000,0.000000,1.199020,0.041983,12.000000,0.070000
27,0.000000,0.000000,12.000000,0.000000,2.392168,0.167726,12.000000,0.140000
27,0.000000,0.000000,12.000000,0.000000,3.573598,0.376613,12.000000,0.210000
27,0.000000,0.000000,12.000000,0.000000,4.737525,0.667621,12.000000,0.280000
27,0.000000,0.000000,12.000000,0.000000,5.878248,1.039325,12.000000,0.350000
27,0.000000,0.000000,12.000000,0.000000,6.990179,1.489904,12.000000,0.420000
27,0.000000,0.000000,12.000000,0.000000,8.067872,2.017151,12.000000,0.490000
27,0.000000,0.000000,12.000000,0.000000,9.106049,2.618484,12.000000,0.560000
27,0.000000,0.000000,12.000000,0.000000,10.099625,3.290957,12.000000,0.630000
27,0.000000,0.000000,12.000000,0.000000,11.043732,4.031277,12.000000,0.700000
27,0.000000,0.000000,12.000000,0.000000,11.933747,4.835817,12.000000,0.770000
28,0.000000,0.000000,12.000000,0.000000,0.000000,0.000000,12.000000,0.000000
28,0.000000,0.000000,12.000000,0.000000,1.199020,-0.041983,12.000000,-0.070000
28,0.000000,0.000000,12.000000,0.000000,2.392168,-0.167726,12.000000,-0.140000
28,0.000000,0.000000,12.000000,0.000000,3.573598,-0.376613,12.000000,-0.210000
28,0.000000,0.000000,12.000000,0.000000,4.737525,-0.667621,12.000000,-0.280000
28,0.000000,0.000000,12.000000,0.000000,5.878248,-1.039325,12.000000,-0.350000
28,0.000000,0.000000,12.000000,0.000000,6.990179,-1.489904,12.000000,-0.420000
28,0.000000,0.000000,12.000000,0.000000,8.067872,-2.017151,12.000000,-0.490000
28,0.000000,0.000000,12.000000,0.000000,9.106049,-2.618484,12.000000,-0.560000
28,0.000000,0.000000,12.000000,0.000000,10.099625,-3.290957,12.000000,-0.630000
28,0.000000,0.000000,12.000000,0.000000,11.043732,-4.031277,12.000000,-0.700000
28,0.000000,0.000000,12.000000,0.000000,11.933747,-4.835817,12.000000,-0.770000
29,0.000000,0.000000,12.000000,0.000000,0.000000,0.000000,12.000000,0.000000
29,0.000000,0.000000,12.000000,0.000000,1.198875,0.044979,12.000000,0.075000
29,0.000000,0.000000,12.000000,0.000000,2.391010,0.179663,12.000000,0.150000
29,0.000000,0.000000,12.000000,0.000000,3.569702,0.403294,12.000000,0.225000
29,0.000000,0.000000,12.000000,0.000000,4.728323,0.714616,12.000000,0.300000
29,0.000000,0.000000,12.000000,0.000000,5.860361,1.111878,12.000000,0.375000
29,0.000000,0.000000,12.000000,0.000000,6.959449,1.592846,12.000000,0.450000
29,0.000000,0.000000,12.000000,0.000000,8.019408,2.154817,12.000000,0.525000
29,0.000000,0.000000,12.000000,0.000000,9.034280,2.794630,12.000000,0.600000
29,0.000000,0.000000,12.000000,0.000000,9.998357,3.508689,12.000000,0.675000
29,0.000000,0.000000,12.000000,0.000000,10.906220,4.292978,12.000000,0.750000
29,0.000000,0.000000,12.000000,0.000000,11.752765,5.143089,12.000000,0.825000
30,0.000000,0.000000,12.000000,0.000000,0.000000,0.000000,12.000000,0.000000
30,0.000000,0.000000,12.000000,0.000000,1.198875,-0.044979,12.000000,-0.075000
30,0.000000,0.000000,12.000000,0.000000,2.391010,-0.179663,12.000000,-0.150000
30,0.000000,0.000000,12.000000,0.000000,3.569702,-0.403294,12.000000,-0.225000
30,0.000000,0.000000,12.000000,0.000000,4.728323,-0.714616,12.000000,-0.300000
30,0.000000,0.000000,12.000000,0.000000,5.860361,-1.111878,12.000000,-0.375000
30,0.000000,0.000000,12.000000,0.000000,6.959449,-1.592846,12.000000,-0.450000
30,0.000000,0.000000,12.000000,0.000000,8.019408,-2.154817,12.000000,-0.525000
30,0.000000,0.000000,12.000000,0.000000,9.034280,-2.794630,12.000000,-0.600000
30,0.000000,0.000000,12.000000,0.000000,9.998357,-3.508689,12.000000,-0.675000
30,0.000000,0.000000,12.000000,0.000000,10.906220,-4.292978,12.000000,-0.750000
30,0.000000,0.000000,12.000000,0.000000,11.752765,-5.143089,12.000000,-0.825000
31,0.000000,0.000000,12.000000,0.000000,0.000000,0.000000,12.000000,0.000000
31,0.000000,0.000000,12.000000,0.000000,1.198639,0.049472,12.000000,0.082500
31,0.000000,0.000000,12.000000,0.000000,2.389125,0.197551,12.000000,0.165000
31,0.000000,0.000000,12.000000,0.000000,3.563359,0.443231,12.000000,0.247500
31,0.000000,0.000000,12.000000,0.000000,4.713353,0.784839,12.000000,0.330000
31,0.000000,0.000000,12.000000,0.000000,5.831286,1.220052,12.000000,0.412500
31,0.000000,0.000000,12.000000,0.000000,6.909551,1.745910,12.000000,0.495000
31,0.000000,0.000000,12.000000,0.000000,7.940816,2.358835,12.000000,0.577500
31,0.000000,0.000000,12.000000,0.000000,8.918063,3.054659,12.000000,0.660000
31,0.000000,0.000000,12.000000,0.000000,9.834647,3.828647,12.000000,0.742500
31,0.000000,0.000000,12.000000,0.000000,10.684332,4.675535,12.000000,0.825000
31,0.000000,0.000000,12.000000,0.000000,11.461337,5.589562,12.000000,0.907500
32,0.000000,0.000000,12.000000,0.000000,0.000000,0.000000,12.000000,0.000000
32,0.000000,0.000000,12.000000,0.000000,1.198639,-0.049472,12.000000,-0.082500
32,0.000000,0.000000,12.000000,0.000000,2.389125,-0.197551,12.000000,-0.165000
32,0.000000,0.000000,12.000000,0.000000,3.563359,-0.443231,12.000000,-0.247500
32,0.000000,0.000000,12.000000,0.000000,4.713353,-0.784839,12.000000,-0.330000
32,0.000000,0.000000,12.000000,0.000000,5.831286,-1.220052,12.000000,-0.412500
32,0.000000,0.000000,12.000000,0.000000,6.909551,-1.745910,12.000000,-0.495000
32,0.000000,0.000000,12.000000,0.000000,7.940816,-2.358835,12.000000,-0.577500
32,0.000000,0.000000,12.000000,0.000000,8.918063,-3.054659,12.000000,-0.660000
32,0.000000,0.000000,12.000000,0.000000,9.834647,-3.828647,12.000000,-0.742500
32,0.000000,0.000000,12.000000,0.000000,10.684332,-4.675535,12.000000,-0.825000
32,0.000000,0.000000,12.000000,0.000000,11.461337,-5.589562,12.000000,-0.907500
33,0.000000,0.000000,12.000000,0.000000,0.000000,0.000000,12.000000,0.000000
33,0.000000,0.000000,12.000000,0.000000,1.198381,0.053964,12.000000,0.090000
33,0.000000,0.000000,12.000000,0.000000,2.387061,0.215417,12.000000,0.180000
33,0.000000,0.000000,12.000000,0.000000,3.556419,0.483055,12.000000,0.270000
33,0.000000,0.000000,12.000000,0.000000,4.696990,0.854709,12.000000,0.360000
33,0.000000,0.000000,12.000000,0.000000,5.799541,1.327372,12.000000,0.450000
33,0.000000,0.000000,12.000000,0.000000,6.855147,1.897218,12.000000,0.540000
33,0.000000,0.000000,12.000000,0.000000,7.855264,2.559633,12.000000,0.630000
33,0.000000,0.000000,12.000000,0.000000,8.791796,3.309257,12.000000,0.720000
33,0.000000,0.000000,12.000000,0.000000,9.657163,4.140021,12.000000,0.810000
33,0.000000,0.000000,12.000000,0.000000,10.444359,5.045201,12.000000,0.900000
33,0.000000,0.000000,12.000000,0.000000,11.147013,6.017469,12.000000,0.990000
34,0.000000,0.000000,12.000000,0.000000,0.000000,0.000000,12.000000,0.000000
34,0.000000,0.000000,12.000000,0.000000,1.198381,-0.053964,12.000000,-0.090000
34,0.000000,0.000000,12.000000,0.000000,2.387061,-0.215417,12.000000,-0.180000
34,0.000000,0.000000,12.000000,0.000000,3.556419,-0.483055,12.000000,-0.270000
34,0.000000,0.000000,12.000000,0.000000,4.696990,-0.854709,12.000000,-0.360000
34,0.000000,0.000000,12.000000,0.000000,5.799541,-1.327372,12.000000,-0.450000
34,0.000000,0.000000,12.000000,0.000000,6.855147,-1.897218,12.000000,-0.540000
34,0.000000,0.000000,12.000000,0.000000,7.855264,-2.559633,12.000000,-0.630000
34,0.000000,0.000000,12.000000,0.000000,8.791796,-3.309257,12.000000,-0.720000
34,0.000000,0.000000,12.000000,0.000000,9.657163,-4.140021,12.000000,-0.810000
34,0.000000,0.000000,12.000000,0.000000,10.444359,-5.045201,12.000000,-0.900000
34,0.000000,0.000000,12.000000,0.000000,11.147013,-6.017469,12.000000,-0.990000
35,0.000000,0.000000,12.000000,0.000000,0.000000,0.000000,12.000000,0.000000
35,0.000000,0.000000,12.000000,0.000000,1.198100,0.058454,12.000000,0.097500
35,0.000000,0.000000,12.000000,0.000000,2.384819,0.233259,12.000000,0.195000
35,0.000000,0.000000,12.000000,0.000000,3.548886,0.522757,12.000000,0.292500
35,0.000000,0.000000,12.000000,0.000000,4.679242,0.924196,12.000000,0.390000
35,0.000000,0.000000,12.000000,0.000000,5.765152,1.433764,12.000000,0.487500
35,0.000000,0.000000,12.000000,0.000000,6.796300,2.046621,12.000000,0.585000
35,0.000000,0.000000,12.000000,0.000000,7.762892,2.756944,12.000000,0.682500
35,0.000000,0.000000,12.000000,0.000000,8.655747,3.557987,12.000000,0.780000
35,0.000000,0.000000,12.000000,0.000000,9.466383,4.442142,12.000000,0.877500
35,0.000000,0.000000,12.000000,0.000000,10.187100,5.401009,12.000000,0.975000
35,0.000000,0.000000,12.000000,0.000000,10.811054,6.425480,12.000000,1.072500
36,0.000000,0.000000,12.000000,0.000000,0.000000,0.000000,12.000000,0.000000
36,0.000000,0.000000,12.000000,0.000000,1.198100,-0.058454,12.000000,-0.097500
36,0.000000,0.000000,12.000000,0.000000,2.384819,-0.233259,12.000000,-0.195000
36,0.000000,0.000000,12.000000,0.000000,3.548886,-0.522757,12.000000,-0.292500
36,0.000000,0.000000,12.000000,0.000000,4.679242,-0.924196,12.000000,-0.390000
36,0.000000,0.000000,12.000000,0.000000,5.765152,-1.433764,12.000000,-0.487500
36,0.000000,0.000000,12.000000,0.000000,6.796300,-2.046621,12.000000,-0.585000
36,0.000000,0.000000,12.000000,0.000000,7.762892,-2.756944,12.000000,-0.682500
36,0.000000,0.000000,12.000000,0.000000,8.655747,-3.557987,12.000000,-0.780000
36,0.000000,0.000000,12.000000,0.000000,9.466383,-4.442142,12.000000,-0.877500
36,0.000000,0.000000,12.000000,0.000000,10.187100,-5.401009,12.000000,-0.975000
36,0.000000,0.000000,12.000000,0.000000,10.811054,-6.425480,12.000000,-1.072500
37,0.000000,0.000000,12.000000,0.000000,0.000000,0.000000,12.000000,0.000000
37,0.000000,0.000000,12.000000,0.000000,1.197796,0.062942,12.000000,0.105000
37,0.000000,0.000000,12.000000,0.000000,2.382399,0.251075,12.000000,0.210000
37,0.000000,0.000000,12.000000,0.000000,3.540760,0.562327,12.000000,0.315000
37,0.000000,0.000000,12.000000,0.000000,4.660120,0.993269,12.000000,0.420000
37,0.000000,0.000000,12.000000,0.000000,5.728149,1.539155,12.000000,0.525000
37,0.000000,0.000000,12.000000,0.000000,6.733083,2.193971,12.000000,0.630000
37,0.000000,0.000000,12.000000,0.000000,7.663854,2.950506,12.000000,0.735000
37,0.000000,0.000000,12.000000,0.000000,8.510207,3.800425,12.000000,0.840000
37,0.000000,0.000000,12.000000,0.000000,9.262822,4.734367,12.000000,0.945000
37,0.000000,0.000000,12.000000,0.000000,9.913409,5.742045,12.000000,1.050000
37,0.000000,0.000000,12.000000,0.000000,10.454800,6.812360,12.000000,1.155000
38,0.000000,0.000000,12.000000,0.000000,0.000000,0.000000,12.000000,0.000000
38,0.000000,0.000000,12.000000,0.000000,1.197796,-0.062942,12.000000,-0.105000
38,0.000000,0.000000,12.000000,0.000000,2.382399,-0.251075,12.000000,-0.210000
38,0.000000,0.000000,12.000000,0.000000,3.540760,-0.562327,12.000000,-0.315000
38,0.000000,0.000000,12.000000,0.000000,4.660120,-0.993269,12.000000,-0.420000
38,0.000000,0.000000,12.000000,0.000000,5.728149,-1.539155,12.000000,-0.525000
38,0.000000,0.000000,12.000000,0.000000,6.733083,-2.193971,12.000000,-0.630000
38,0.000000,0.000000,12.000000,0.000000,7.663854,-2.950506,12.000000,-0.735000
38,0.000000,0.000000,12.000000,0.000000,8.510207,-3.800425,12.000000,-0.840000
38,0.000000,0.000000,12.000000,0.000000,9.262822,-4.734367,12.000000,-0.945000
38,0.000000,0.000000,12.000000,0.000000,9.913409,-5.742045,12.000000,-1.050000
38,0.000000,0.000000,12.000000,0.000000,10.454800,-6.812360,12.000000,-1.155000
39,0.000000,0.000000,12.000000,0.000000,0.000000,0.000000,12.000000,0.000000
39,0.000000,0.000000,12.000000,0.000000,1.197470,0.067429,12.000000,0.112500
39,0.000000,0.000000,12.000000,0.000000,2.379801,0.268863,12.000000,0.225000
39,0.000000,0.000000,12.000000,0.000000,3.532045,0.601755,12.000000,0.337500
39,0.000000,0.000000,12.000000,0.000000,4.639633,1.061898,12.000000,0.450000
39,0.000000,0.000000,12.000000,0.000000,5.688562,1.643472,12.000000,0.562500
39,0.000000,0.000000,12.000000,0.000000,6.665572,2.339126,12.000000,0.675000
39,0.000000,0.000000,12.000000,0.000000,7.558309,3.140064,12.000000,0.787500
39,0.000000,0.000000,12.000000,0.000000,8.355488,4.036161,12.000000,0.900000
39,0.000000,0.000000,12.000000,0.000000,9.047028,5.016086,12.000000,1.012500
39,0.000000,0.000000,12.000000,0.000000,9.624188,6.067451,12.000000,1.125000
39,0.000000,0.000000,12.000000,0.000000,10.079670,7.176963,12.000000,1.237500
40,0.000000,0.000000,12.000000,0.000000,0.000000,0.000000,12.000000,0.000000
40,0.000000,0.000000,12.000000,0.000000,1.197470,-0.067429,12.000000,-0.112500
40,0.000000,0.000000,12.000000,0.000000,2.379801,-0.268863,12.000000,-0.225000
40,0.000000,0.000000,12.000000,0.000000,3.532045,-0.601755,12.000000,-0.337500
40,0.000000,0.000000,12.000000,0.000000,4.639633,-1.061898,12.000000,-0.450000
40,0.000000,0.000000,12.000000,0.000000,5.688562,-1.643472,12.000000,-0.562500
40,0.000000,0.000000,12.000000,0.000000,6.665572,-2.339126,12.000000,-0.675000
40,0.000000,0.000000,12.000000,0.000000,7.558309,-3.140064,12.000000,-0.787500
40,0.000000,0.000000,12.000000,0.000000,8.355488,-4.036161,12.000000,-0.900000
40,0.000000,0.000000,12.000000,0.000000,9.047028,-5.016086,12.000000,-1.012500
40,0.000000,0.000000,12.000000,0.000000,9.624188,-6.067451,12.000000,-1.125000
40,0.000000,0.000000,12.000000,0.000000,10.079670,-7.176963,12.000000,-1.237500
41,0.000000,0.000000,12.000000,0.000000,0.000000,0.000000,12.000000,0.000000
41,0.000000,0.000000,12.000000,0.000000,1.197122,0.071914,12.000000,0.120000
41,0.000000,0.000000,12.000000,0.000000,2.377026,0.286620,12.000000,0.240000
41,0.000000,0.000000,12.000000,0.000000,3.522743,0.641032,12.000000,0.360000
41,0.000000,0.000000,12.000000,0.000000,4.617792,1.130051,12.000000,0.480000
41,0.000000,0.000000,12.000000,0.000000,5.646425,1.746644,12.000000,0.600000
41,0.000000,0.000000,12.000000,0.000000,6.593847,2.481943,12.000000,0.720000
41,0.000000,0.000000,12.000000,0.000000,7.446432,3.325372,12.000000,0.840000
41,0.000000,0.000000,12.000000,0.000000,8.191916,4.264800,12.000000,0.960000
41,0.000000,0.000000,12.000000,0.000000,8.819579,5.286717,12.000000,1.080000
41,0.000000,0.000000,12.000000,0.000000,9.320392,6.376423,12.000000,1.200000
41,0.000000,0.000000,12.000000,0.000000,9.687152,7.518246,12.000000,1.320000
42,0.000000,0.000000,12.000000,0.000000,0.000000,0.000000,12.000000,0.000000
42,0.000000,0.000000,12.000000,0.000000,1.197122,-0.071914,12.000000,-0.120000
42,0.000000,0.000000,12.000000,0.000000,2.377026,-0.286620,12.000000,-0.240000
42,0.000000,0.000000,12.000000,0.000000,3.522743,-0.641032,12.000000,-0.360000
42,0.000000,0.000000,12.000000,0.000000,4.617792,-1.130051,12.000000,-0.480000
42,0.000000,0.000000,12.000000,0.000000,5.646425,-1.746644,12.000000,-0.600000
42,0.000000,0.000000,12.000000,0.000000,6.593847,-2.481943,12.000000,-0.720000
42,0.000000,0.000000,12.000000,0.000000,7.446432,-3.325372,12.000000,-0.840000
42,0.000000,0.000000,12.000000,0.000000,8.191916,-4.264800,12.000000,-0.960000
42,0.000000,0.000000,12.000000,0.000000,8.819579,-5.286717,12.000000,-1.080000
42,0.000000,0.000000,12.000000,0.000000,9.320392,-6.376423,12.000000,-1.200000
42,0.000000,0.000000,12.000000,0.000000,9.687152,-7.518246,12.000000,-1.320000
43,0.000000,0.000000,12.000000,0.000000,0.000000,0.000000,12.000000,0.000000
43,0.000000,0.000000,12.000000,0.000000,1.196752,0.076396,12.000000,0.127500
43,0.000000,0.000000,12.000000,0.000000,2.374075,0.304345,12.000000,0.255000
43,0.000000,0.000000,12.000000,0.000000,3.512857,0.680147,12.000000,0.382500
43,0.000000,0.000000,12.000000,0.000000,4.594610,1.197699,12.000000,0.510000
43,0.000000,0.000000,12.000000,0.000000,5.601773,1.848600,12.000000,0.637500
43,0.000000,0.000000,12.000000,0.000000,6.517996,2.622284,12.000000,0.765000
43,0.000000,0.000000,12.000000,0.000000,7.328404,3.506190,12.000000,0.892500
43,0.000000,0.000000,12.000000,0.000000,8.019841,4.485968,12.000000,1.020000
43,0.000000,0.000000,12.000000,0.000000,8.581082,5.545713,12.000000,1.147500
43,0.000000,0.000000,12.000000,0.000000,9.003016,6.668220,12.000000,1.275000
43,0.000000,0.000000,12.000000,0.000000,9.278792,7.835267,12.000000,1.402500
44,0.000000,0.000000,12.000000,0.000000,0.000000,0.000000,12.000000,0.000000
44,0.000000,0.000000,12.000000,0.000000,1.196752,-0.076396,12.000000,-0.127500
44,0.000000,0.000000,12.000000,0.000000,2.374075,-0.304345,12.000000,-0.255000
44,0.000000,0.000000,12.000000,0.000000,3.512857,-0.680147,12.000000,-0.382500
44,0.000000,0.000000,12.000000,0.000000,4.594610,-1.197699,12.000000,-0.510000
44,0.000000,0.000000,12.000000,0.000000,5.601773,-1.848600,12.000000,-0.637500
44,0.000000,0.000000,12.000000,0.000000,6.517996,-2.622284,12.000000,-0.765000
44,0.000000,0.000000,12.000000,0.000000,7.328404,-3.506190,12.000000,-0.892500
44,0.000000,0.000000,12.000000,0.000000,8.019841,-4.485968,12.000000,-1.020000
44,0.000000,0.000000,12.000000,0.000000,8.581082,-5.545713,12.000000,-1.147500
44,0.000000,0.000000,12.000000,0.000000,9.003016,-6.668220,12.000000,-1.275000
44,0.000000,0.000000,12.000000,0.000000,9.278792,-7.835267,12.000000,-1.402500
45,0.000000,0.000000,12.000000,0.000000,0.000000,0.000000,12.000000,0.000000
45,0.000000,0.000000,12.000000,0.000000,1.196358,0.080877,12.000000,0.135000
45,0.000000,0.000000,12.000000,0.000000,2.370946,0.322037,12.000000,0.270000
45,0.000000,0.000000,12.000000,0.000000,3.502389,0.719090,12.000000,0.405000
45,0.000000,0.000000,12.000000,0.000000,4.570098,1.264812,12.000000,0.540000
45,0.000000,0.000000,12.000000,0.000000,5.554643,1.949272,12.000000,0.675000
45,0.000000,0.000000,12.000000,0.000000,6.438109,2.760014,12.000000,0.810000
45,0.000000,0.000000,12.000000,0.000000,7.204418,3.682286,12.000000,0.945000
45,0.000000,0.000000,12.000000,0.000000,7.839626,4.699304,12.000000,1.080000
45,0.000000,0.000000,12.000000,0.000000,8.332173,5.792561,12.000000,1.215000
45,0.000000,0.000000,12.000000,0.000000,8.673098,6.942164,12.000000,1.350000
45,0.000000,0.000000,12.000000,0.000000,8.856194,8.127191,12.000000,1.485000
46,0.000000,0.000000,12.000000,0.000000,0.000000,0.000000,12.000000,0.000000
46,0.000000,0.000000,12.000000,0.000000,1.196358,-0.080877,12.000000,-0.135000
46,0.000000,0.000000,12.000000,0.000000,2.370946,-0.322037,12.000000,-0.270000
46,0.000000,0.000000,12.000000,0.000000,3.502389,-0.719090,12.000000,-0.405000
46,0.000000,0.000000,12.000000,0.000000,4.570098,-1.264812,12.000000,-0.540000
46,0.000000,0.000000,12.000000,0.000000,5.554643,-1.949272,12.000000,-0.675000
46,0.000000,0.000000,12.000000,0.000000,6.438109,-2.760014,12.000000,-0.810000
46,0.000000,0.000000,12.000000,0.000000,7.204418,-3.682286,12.000000,-0.945000
46,0.000000,0.000000,12.000000,0.000000,7.839626,-4.699304,12.000000,-1.080000
46,0.000000,0.000000,12.000000,0.000000,8.332173,-5.792561,12.000000,-1.215000
46,0.000000,0.000000,12.000000,0.000000,8.673098,-6.942164,12.000000,-1.350000
46,0.000000,0.000000,12.000000,0.000000,8.856194,-8.127191,12.000000,-1.485000
47,0.000000,0.000000,12.000000,0.000000,0.000000,0.000000,12.000000,0.000000
47,0.000000,0.000000,12.000000,0.000000,1.195943,0.085355,12.000000,0.142500
47,0.000000,0.000000,12.000000,0.000000,2.367642,0.339691,12.000000,0.285000
47,0.000000,0.000000,12.000000,0.000000,3.491344,0.757852,12.000000,0.427500
47,0.000000,0.000000,12.000000,0.000000,4.544271,1.331360,12.000000,0.570000
47,0.000000,0.000000,12.000000,0.000000,5.505076,2.048590,12.000000,0.712500
47,0.000000,0.000000,12.000000,0.000000,6.354282,2.895002,12.000000,0.855000
47,0.000000,0.000000,12.000000,0.000000,7.074676,3.853438,12.000000,0.997500
47,0.000000,0.000000,12.000000,0.000000,7.651652,4.904468,12.000000,1.140000
47,0.000000,0.000000,12.000000,0.000000,8.073514,6.026786,12.000000,1.282500
47,0.000000,0.000000,12.000000,0.000000,8.331711,7.197640,12.000000,1.425000
47,0.000000,0.000000,12.000000,0.000000,8.421008,8.393295,12.000000,1.567500
48,0.000000,0.000000,12.000000,0.000000,0.000000,0.000000,12.000000,0.000000
48,0.000000,0.000000,12.000000,0.000000,1.195943,-0.085355,12.000000,-0.142500
48,0.000000,0.000000,12.000000,0.000000,2.367642,-0.339691,12.000000,-0.285000
48,0.000000,0.000000,12.000000,0.000000,3.491344,-0.757852,12.000000,-0.427500
48,0.000000,0.000000,12.000000,0.000000,4.544271,-1.331360,12.000000,-0.570000
48,0.000000,0.000000,12.000000,0.000000,5.505076,-2.048590,12.000000,-0.712500
48,0.000000,0.000000,12.000000,0.000000,6.354282,-2.895002,12.000000,-0.855000
48,0.000000,0.000000,12.000000,0.000000,7.074676,-3.853438,12.000000,-0.997500
48,0.000000,0.000000,12.000000,0.000000,7.651652,-4.904468,12.000000,-1.140000
48,0.000000,0.000000,12.000000,0.000000,8.073514,-6.026786,12.000000,-1.282500
48,0.000000,0.000000,12.000000,0.000000,8.331711,-7.197640,12.000000,-1.425000
48,0.000000,0.000000,12.000000,0.000000,8.421008,-8.393295,12.000000,-1.567500
49,0.000000,0.000000,12.000000,0.000000,0.000000,0.000000,12.000000,0.000000
49,0.000000,0.000000,12.000000,0.000000,1.195505,0.089831,12.000000,0.150000
49,0.000000,0.000000,12.000000,0.000000,2.364162,0.357308,12.000000,0.300000
49,0.000000,0.000000,12.000000,0.000000,3.479725,0.796423,12.000000,0.450000
49,0.000000,0.000000,12.000000,0.000000,4.517141,1.397315,12.000000,0.600000
49,0.000000,0.000000,12.000000,0.000000,5.453111,2.146489,12.000000,0.750000
49,0.000000,0.000000,12.000000,0.000000,6.266616,3.027121,12.000000,0.900000
49,0.000000,0.000000,12.000000,0.000000,6.939387,4.019432,12.000000,1.050000
49,0.000000,0.000000,12.000000,0.000000,7.456314,5.101139,12.000000,1.200000
49,0.000000,0.000000,12.000000,0.000000,7.805788,6.247948,12.000000,1.350000
49,0.000000,0.000000,12.000000,0.000000,7.979961,7.434104,12.000000,1.500000
49,0.000000,0.000000,12.000000,0.000000,7.974922,8.632969,12.000000,1.650000
50,0.000000,0.000000,12.000000,0.000000,0.000000,0.000000,12.000000,0.000000
50,0.000000,0.000000,12.000000,0.000000,1.195505,-0.089831,12.000000,-0.150000
50,0.000000,0.000000,12.000000,0.000000,2.364162,-0.357308,12.000000,-0.300000
50,0.000000,0.000000,12.000000,0.000000,3.479725,-0.796423,12.000000,-0.450000
50,0.000000,0.000000,12.000000,0.000000,4.517141,-1.397315,12.000000,-0.600000
50,0.000000,0.000000,12.000000,0.000000,5.453111,-2.146489,12.000000,-0.750000
50,0.000000,0.000000,12.000000,0.000000,6.266616,-3.027121,12.000000,-0.900000
50,0.000000,0.000000,12.000000,0.000000,6.939387,-4.019432,12.000000,-1.050000
50,0.000000,0.000000,12.000000,0.000000,7.456314,-5.101139,12.000000,-1.200000
50,0.000000,0.000000,12.000000,0.000000,7.805788,-6.247948,12.000000,-1.350000
50,0.000000,0.000000,12.000000,0.000000,7.979961,-7.434104,12.000000,-1.500000
50,0.000000,0.000000,12.000000,0.000000,7.974922,-8.632969,12.000000,-1.650000
51,0.000000,0.000000,12.000000,0.000000,0.000000,0.000000,12.000000,0.000000
51,0.000000,0.000000,12.000000,0.000000,1.194726,0.097286,12.000000,0.162500
51,0.000000,0.000000,12.000000,0.000000,2.357973,0.386579,12.000000,0.325000
51,0.000000,0.000000,12.000000,0.000000,3.459092,0.860259,12.000000,0.487500
51,0.000000,0.000000,12.000000,0.000000,4.469070,1.505843,12.000000,0.650000
51,0.000000,0.000000,12.000000,0.000000,5.361296,2.306323,12.000000,0.812500
51,0.000000,0.000000,12.000000,0.000000,6.112262,3.240606,12.000000,0.975000
51,0.000000,0.000000,12.000000,0.000000,6.702180,4.284077,12.000000,1.137500
51,0.000000,0.000000,12.000000,0.000000,7.115508,5.409241,12.000000,1.300000
51,0.000000,0.000000,12.000000,0.000000,7.341356,6.586453,12.000000,1.462500
51,0.000000,0.000000,12.000000,0.000000,7.373772,7.784695,12.000000,1.625000
51,0.000000,0.000000,12.000000,0.000000,7.211902,8.972395,12.000000,1.787500
52,0.000000,0.000000,12.000000,0.000000,0.000000,0.000000,12.000000,0.000000
52,0.000000,0.000000,12.000000,0.000000,1.194726,-0.097286,12.000000,-0.162500
52,0.000000,0.000000,12.000000,0.000000,2.357973,-0.386579,12.000000,-0.325000
52,0.000000,0.000000,12.000000,0.000000,3.459092,-0.860259,12.000000,-0.487500
52,0.000000,0.000000,12.000000,0.000000,4.469070,-1.505843,12.000000,-0.650000
52,0.000000,0.000000,12.000000,0.000000,5.361296,-2.306323,12.000000,-0.812500
52,0.000000,0.000000,12.000000,0.000000,6.112262,-3.240606,12.000000,-0.975000
52,0.000000,0.000000,12.000000,0.000000,6.702180,-4.284077,12.000000,-1.137500
52,0.000000,0.000000,12.000000,0.000000,7.115508,-5.409241,12.000000,-1.300000
52,0.000000,0.000000,12.000000,0.000000,7.341356,-6.586453,12.000000,-1.462500
52,0.000000,0.000000,12.000000,0.000000,7.373772,-7.784695,12.000000,-1.625000
52,0.000000,0.000000,12.000000,0.000000,7.211902,-8.972395,12.000000,-1.787500
53,0.000000,0.000000,12.000000,0.000000,0.000000,0.000000,12.000000,0.000000
53,0.000000,0.000000,12.000000,0.000000,1.193885,0.104732,12.000000,0.175000
53,0.000000,0.000000,12.000000,0.000000,2.351300,0.415730,12.000000,0.350000
53,0.000000,0.000000,12.000000,0.000000,3.436890,0.923493,12.000000,0.525000
53,0.000000,0.000000,12.000000,0.000000,4.417494,1.612511,12.000000,0.700000
53,0.000000,0.000000,12.000000,0.000000,5.263157,2.461737,12.000000,0.875000
53,0.000000,0.000000,12.000000,0.000000,5.948047,3.445228,12.000000,1.050000
53,0.000000,0.000000,12.000000,0.000000,6.451242,4.532943,12.000000,1.225000
53,0.000000,0.000000,12.000000,0.000000,6.757372,5.691656,12.000000,1.400000
53,0.000000,0.000000,12.000000,0.000000,6.857085,6.885970,12.000000,1.575000
53,0.000000,0.000000,12.000000,0.000000,6.747334,8.079404,12.000000,1.750000
53,0.000000,0.000000,12.000000,0.000000,6.431474,9.235502,12.000000,1.925000
54,0.000000,0.000000,12.000000,0.000000,0.000000,0.000000,12.000000,0.000000
54,0.000000,0.000000,12.000000,0.000000,1.193885,-0.104732,12.000000,-0.175000
54,0.000000,0.000000,12.000000,0.000000,2.351300,-0.415730,12.000000,-0.350000
54,0.000000,0.000000,12.000000,0.000000,3.436890,-0.923493,12.000000,-0.525000
54,0.000000,0.000000,12.000000,0.000000,4.417494,-1.612511,12.000000,-0.700000
54,0.000000,0.000000,12.000000,0.000000,5.263157,-2.461737,12.000000,-0.875000
54,0.000000,0.000000,12.000000,0.000000,5.948047,-3.445228,12.000000,-1.050000
54,0.000000,0.000000,12.000000,0.000000,6.451242,-4.532943,12.000000,-1.225000
54,0.000000,0.000000,12.000000,0.000000,6.757372,-5.691656,12.000000,-1.400000
54,0.000000,0.000000,12.000000,0.000000,6.857085,-6.885970,12.000000,-1.575000
54,0.000000,0.000000,12.000000,0.000000,6.747334,-8.079404,12.000000,-1.750000
54,0.000000,0.000000,12.000000,0.000000,6.431474,-9.235502,12.000000,-1.925000
55,0.000000,0.000000,12.000000,0.000000,0.000000,0.000000,12.000000,0.000000
55,0.000000,0.000000,12.000000,0.000000,1.192982,0.112171,12.000000,0.187500
55,0.000000,0.000000,12.000000,0.000000,2.344145,0.444751,12.000000,0.375000
55,0.000000,0.000000,12.000000,0.000000,3.413139,0.986084,12.000000,0.562500
55,0.000000,0.000000,12.000000,0.000000,4.362490,1.717192,12.000000,0.750000
55,0.000000,0.000000,12.000000,0.000000,5.158921,2.612449,12.000000,0.937500
55,0.000000,0.000000,12.000000,0.000000,5.774515,3.640472,12.000000,1.125000
55,0.000000,0.000000,12.000000,0.000000,6.187693,4.765226,12.000000,1.312500
55,0.000000,0.000000,12.000000,0.000000,6.383971,5.947284,12.000000,1.500000
55,0.000000,0.000000,12.000000,0.000000,6.356469,7.145212,12.000000,1.687500
55,0.000000,0.000000,12.000000,0.000000,6.106152,8.317018,12.000000,1.875000
55,0.000000,0.000000,12.000000,0.000000,5.641793,9.421626,12.000000,2.062500
56,0.000000,0.000000,12.000000,0.000000,0.000000,0.000000,12.000000,0.000000
56,0.000000,0.000000,12.000000,0.000000,1.192982,-0.112171,12.000000,-0.187500
56,0.000000,0.000000,12.000000,0.000000,2.344145,-0.444751,12.000000,-0.375000
56,0.000000,0.000000,12.000000,0.000000,3.413139,-0.986084,12.000000,-0.562500
56,0.000000,0.000000,12.000000,0.000000,4.362490,-1.717192,12.000000,-0.750000
56,0.000000,0.000000,12.000000,0.000000,5.158921,-2.612449,12.000000,-0.937500
56,0.000000,0.000000,12.000000,0.000000,5.774515,-3.640472,12.000000,-1.125000
56,0.000000,0.000000,12.000000,0.000000,6.187693,-4.765226,12.000000,-1.312500
56,0.000000,0.000000,12.000000,0.000000,6.383971,-5.947284,12.000000,-1.500000
56,0.000000,0.000000,12.000000,0.000000,6.356469,-7.145212,12.000000,-1.687500
56,0.000000,0.000000,12.000000,0.000000,6.106152,-8.317018,12.000000,-1.875000
56,0.000000,0.000000,12.000000,0.000000,5.641793,-9.421626,12.000000,-2.062500
57,0.000000,0.000000,12.000000,0.000000,0.000000,0.000000,12.000000,0.000000
57,0.000000,0.000000,12.000000,0.000000,1.192017,0.119601,12.000000,0.200000
57,0.000000,0.000000,12.000000,0.000000,2.336511,0.473634,12.000000,0.400000
57,0.000000,0.000000,12.000000,0.000000,3.387857,1.047987,12.000000,0.600000
57,0.000000,0.000000,12.000000,0.000000,4.304139,1.819761,12.000000,0.800000
57,0.000000,0.000000,12.000000,0.000000,5.048829,2.758188,12.000000,1.000000
57,0.000000,0.000000,12.000000,0.000000,5.592238,3.825856,12.000000,1.200000
57,0.000000,0.000000,12.000000,0.000000,5.912702,4.980200,12.000000,1.400000
57,0.000000,0.000000,12.000000,0.000000,5.997445,6.175201,12.000000,1.600000
57,0.000000,0.000000,12.000000,0.000000,5.843089,7.363217,12.000000,1.800000
57,0.000000,0.000000,12.000000,0.000000,5.455788,8.496886,12.000000,2.000000
57,0.000000,0.000000,12.000000,0.000000,4.850981,9.531012,12.000000,2.200000
58,0.000000,0.000000,12.000000,0.000000,0.000000,0.000000,12.000000,0.000000
58,0.000000,0.000000,12.000000,0.000000,1.192017,-0.119601,12.000000,-0.200000
58,0.000000,0.000000,12.000000,0.000000,2.336511,-0.473634,12.000000,-0.400000
58,0.000000,0.000000,12.000000,0.000000,3.387857,-1.047987,12.000000,-0.600000
58,0.000000,0.000000,12.000000,0.000000,4.304139,-1.819761,12.000000,-0.800000
58,0.000000,0.000000,12.000000,0.000000,5.048829,-2.758188,12.000000,-1.000000
58,0.000000,0.000000,12.000000,0.000000,5.592238,-3.825856,12.000000,-1.200000
58,0.000000,0.000000,12.000000,0.000000,5.912702,-4.980200,12.000000,-1.400000
58,0.000000,0.000000,12.000000,0.000000,5.997445,-6.175201,12.000000,-1.600000
58,0.000000,0.000000,12.000000,0.000000,5.843089,-7.363217,12.000000,-1.800000
58,0.000000,0.000000,12.000000,0.000000,5.455788,-8.496886,12.000000,-2.000000
58,0.000000,0.000000,12.000000,0.000000,4.850981,-9.531012,12.000000,-2.200000
59,0.000000,0.000000,12.000000,0.000000,0.000000,0.000000,12.000000,0.000000
59,0.000000,0.000000,12.000000,0.000000,1.190990,0.127021,12.000000,0.212500
59,0.000000,0.000000,12.000000,0.000000,2.328401,0.502370,12.000000,0.425000
59,0.000000,0.000000,12.000000,0.000000,3.361066,1.109161,12.000000,0.637500
59,0.000000,0.000000,12.000000,0.000000,4.242528,1.920097,12.000000,0.850000
59,0.000000,0.000000,12.000000,0.000000,4.933133,2.898696,12.000000,1.062500
59,0.000000,0.000000,12.000000,0.000000,5.401813,4.000934,12.000000,1.275000
59,0.000000,0.000000,12.000000,0.000000,5.627484,5.177227,12.000000,1.487500
59,0.000000,0.000000,12.000000,0.000000,5.599993,6.374656,12.000000,1.700000
59,0.000000,0.000000,12.000000,0.000000,5.320579,7.539353,12.000000,1.912500
59,0.000000,0.000000,12.000000,0.000000,4.801809,8.618922,12.000000,2.125000
59,0.000000,0.000000,12.000000,0.000000,4.067023,9.564797,12.000000,2.337500
60,0.000000,0.000000,12.000000,0.000000,0.000000,0.000000,12.000000,0.000000
60,0.000000,0.000000,12.000000,0.000000,1.190990,-0.127021,12.000000,-0.212500
60,0.000000,0.000000,12.000000,0.000000,2.328401,-0.502370,12.000000,-0.425000
60,0.000000,0.000000,12.000000,0.000000,3.361066,-1.109161,12.000000,-0.637500
60,0.000000,0.000000,12.000000,0.000000,4.242528,-1.920097,12.000000,-0.850000
60,0.000000,0.000000,12.000000,0.000000,4.933133,-2.898696,12.000000,-1.062500
60,0.000000,0.000000,12.000000,0.000000,5.401813,-4.000934,12.000000,-1.275000
60,0.000000,0.000000,12.000000,0.000000,5.627484,-5.177227,12.000000,-1.487500
60,0.000000,0.000000,12.000000,0.000000,5.599993,-6.374656,12.000000,-1.700000
60,0.000000,0.000000,12.000000,0.000000,5.320579,-7.539353,12.000000,-1.912500
60,0.000000,0.000000,12.000000,0.000000,4.801809,-8.618922,12.000000,-2.125000
60,0.000000,0.000000,12.000000,0.000000,4.067023,-9.564797,12.000000,-2.337500
61,0.000000,0.000000,12.000000,0.000000,0.000000,0.000000,12.000000,0.000000
61,0.000000,0.000000,12.000000,0.000000,1.189902,0.134432,12.000000,0.225000
61,0.000000,0.000000,12.000000,0.000000,2.319818,0.530949,12.000000,0.450000
61,0.000000,0.000000,12.000000,0.000000,3.332789,1.169564,12.000000,0.675000
61,0.000000,0.000000,12.000000,0.000000,4.177747,2.018082,12.000000,0.900000
61,0.000000,0.000000,12.000000,0.000000,4.812098,3.033728,12.000000,1.125000
61,0.000000,0.000000,12.000000,0.000000,5.203863,4.165301,12.000000,1.350000
61,0.000000,0.000000,12.000000,0.000000,5.333291,5.355758,12.000000,1.575000
61,0.000000,0.000000,12.000000,0.000000,5.193859,6.545084,12.000000,1.800000
61,0.000000,0.000000,12.000000,0.000000,4.792595,7.673323,12.000000,2.025000
61,0.000000,0.000000,12.000000,0.000000,4.149727,8.683600,12.000000,2.250000
61,0.000000,0.000000,12.000000,0.000000,3.297665,9.524985,12.000000,2.475000
62,0.000000,0.000000,12.000000,0.000000,0.000000,0.000000,12.000000,0.000000
62,0.000000,0.000000,12.000000,0.000000,1.189902,-0.134432,12.000000,-0.225000
62,0.000000,0.000000,12.000000,0.000000,2.319818,-0.530949,12.000000,-0.450000
62,0.000000,0.000000,12.000000,0.000000,3.332789,-1.169564,12.000000,-0.675000
62,0.000000,0.000000,12.000000,0.000000,4.177747,-2.018082,12.000000,-0.900000
62,0.000000,0.000000,12.000000,0.000000,4.812098,-3.033728,12.000000,-1.125000
62,0.000000,0.000000,12.000000,0.000000,5.203863,-4.165301,12.000000,-1.350000
62,0.000000,0.000000,12.000000,0.000000,5.333291,-5.355758,12.000000,-1.575000
62,0.000000,0.000000,12.000000,0.000000,5.193859,-6.545084,12.000000,-1.800000
62,0.000000,0.000000,12.000000,0.000000,4.792595,-7.673323,12.000000,-2.025000
62,0.000000,0.000000,12.000000,0.000000,4.149727,-8.683600,12.000000,-2.250000
62,0.000000,0.000000,12.000000,0.000000,3.297665,-9.524985,12.000000,-2.475000
63,0.000000,0.000000,12.000000,0.000000,0.000000,0.000000,12.000000,0.000000
63,0.000000,0.000000,12.000000,0.000000,1.188752,0.141832,12.000000,0.237500
63,0.000000,0.000000,12.000000,0.000000,2.310765,0.559364,12.000000,0.475000
63,0.000000,0.000000,12.000000,0.000000,3.303049,1.229155,12.000000,0.712500
63,0.000000,0.000000,12.000000,0.000000,4.109893,2.113604,12.000000,0.950000
63,0.000000,0.000000,12.000000,0.000000,4.686002,3.163054,12.000000,1.187500
63,0.000000,0.000000,12.000000,0.000000,4.999031,4.318588,12.000000,1.425000
63,0.000000,0.000000,12.000000,0.000000,5.031407,5.515333,12.000000,1.662500
63,0.000000,0.000000,12.000000,0.000000,4.781311,6.686102,12.000000,1.900000
63,0.000000,0.000000,12.000000,0.000000,4.262785,7.765165,12.000000,2.137500
63,0.000000,0.000000,12.000000,0.000000,3.504939,8.691943,12.000000,2.375000
63,0.000000,0.000000,12.000000,0.000000,2.550320,9.414404,12.000000,2.612500
64,0.000000,0.000000,12.000000,0.000000,0.000000,0.000000,12.000000,0.000000
64,0.000000,0.000000,12.000000,0.000000,1.188752,-0.141832,12.000000,-0.237500
64,0.000000,0.000000,12.000000,0.000000,2.310765,-0.559364,12.000000,-0.475000
64,0.000000,0.000000,12.000000,0.000000,3.303049,-1.229155,12.000000,-0.712500
64,0.000000,0.000000,12.000000,0.000000,4.109893,-2.113604,12.000000,-0.950000
64,0.000000,0.000000,12.000000,0.000000,4.686002,-3.163054,12.000000,-1.187500
64,0.000000,0.000000,12.000000,0.000000,4.999031,-4.318588,12.000000,-1.425000
64,0.000000,0.000000,12.000000,0.000000,5.031407,-5.515333,12.000000,-1.662500
64,0.000000,0.000000,12.000000,0.000000,4.781311,-6.686102,12.000000,-1.900000
64,0.000000,0.000000,12.000000,0.000000,4.262785,-7.765165,12.000000,-2.137500
64,0.000000,0.000000,12.000000,0.000000,3.504939,-8.691943,12.000000,-2.375000
64,0.000000,0.000000,12.000000,0.000000,2.550320,-9.414404,12.000000,-2.612500
