0,0.000000,0.000000,12.000000,0.000000,0.000000,0.000000,12.000000,0.000000
0,0.000000,0.000000,12.000000,0.000000,1.188032,-0.146266,12.000000,-0.245000
0,0.000000,0.000000,12.000000,0.000000,2.305109,-0.576330,12.000000,-0.490000
0,0.000000,0.000000,12.000000,0.000000,3.284513,-1.264504,12.000000,-0.735000
0,0.000000,0.000000,12.000000,0.000000,4.067747,-2.169688,12.000000,-0.980000
0,0.000000,0.000000,12.000000,0.000000,4.608034,-3.237820,12.000000,-1.225000
0,0.000000,0.000000,12.000000,0.000000,4.873105,-4.405104,12.000000,-1.470000
0,0.000000,0.000000,12.000000,0.000000,4.847128,-5.601825,12.000000,-1.715000
0,0.000000,0.000000,12.000000,0.000000,4.531654,-6.756507,12.000000,-1.960000
0,0.000000,0.000000,12.000000,0.000000,3.945526,-7.800187,12.000000,-2.205000
0,0.000000,0.000000,12.000000,0.000000,3.123749,-8.670531,12.000000,-2.450000
0,0.000000,0.000000,12.000000,0.000000,2.115406,-9.315558,12.000000,-2.695000
1,0.000000,0.000000,12.000000,0.000000,0.000000,0.000000,12.000000,0.000000
1,0.000000,0.000000,12.000000,0.000000,1.188515,-0.143310,12.000000,-0.240000
1,0.000000,0.000000,12.000000,0.000000,2.308899,-0.565026,12.000000,-0.480000
1,0.000000,0.000000,12.000000,0.000000,3.296927,-1.240973,12.000000,-0.720000
1,0.000000,0.000000,12.000000,0.000000,4.095963,-2.132403,12.000000,-0.960000
1,0.000000,0.000000,12.000000,0.000000,4.660201,-3.188215,12.000000,-1.200000
1,0.000000,0.000000,12.000000,0.000000,4.957297,-4.347886,12.000000,-1.440000
1,0.000000,0.000000,12.000000,0.000000,4.970222,-5.544940,12.000000,-1.680000
1,0.000000,0.000000,12.000000,0.000000,4.698233,-6.710756,12.000000,-1.920000
1,0.000000,0.000000,12.000000,0.000000,4.156922,-7.778505,12.000000,-2.160000
1,0.000000,0.000000,12.000000,0.000000,3.377320,-8.686979,12.000000,-2.400000
1,0.000000,0.000000,12.000000,0.000000,2.404116,-9.384100,12.000000,-2.640000
2,0.000000,0.000000,12.000000,0.000000,0.000000,0.000000,12.000000,0.000000
2,0.000000,0.000000,12.000000,0.000000,1.188987,-0.140352,12.000000,-0.235000
2,0.000000,0.000000,12.000000,0.000000,2.312613,-0.553694,12.000000,-0.470000
2,0.000000,0.000000,12.000000,0.000000,3.309112,-1.217304,12.000000,-0.705000
2,0.000000,0.000000,12.000000,0.000000,4.123705,-2.094702,12.000000,-0.940000
2,0.000000,0.000000,12.000000,0.000000,4.711613,-3.137656,12.000000,-1.175000
2,0.000000,0.000000,12.000000,0.000000,5.040517,-4.288834,12.000000,-1.410000
2,0.000000,0.000000,12.000000,0.000000,5.092336,-5.484954,12.000000,-1.645000
2,0.000000,0.000000,12.000000,0.000000,4.864224,-6.660263,12.000000,-1.880000
2,0.000000,0.000000,12.000000,0.000000,4.368719,-7.750154,12.000000,-2.115000
2,0.000000,0.000000,12.000000,0.000000,3.633059,-8.694714,12.000000,-2.350000
2,0.000000,0.000000,12.000000,0.000000,2.697686,-9.442019,12.000000,-2.585000
3,0.000000,0.000000,12.000000,0.000000,0.000000,0.000000,12.000000,0.000000
3,0.000000,0.000000,12.000000,0.000000,1.189449,-0.137393,12.000000,-0.230000
3,0.000000,0.000000,12.000000,0.000000,2.316253,-0.542335,12.000000,-0.460000
3,0.000000,0.000000,12.000000,0.000000,3.321067,-1.193500,12.000000,-0.690000
3,0.000000,0.000000,12.000000,0.000000,4.150969,-2.056592,12.000000,-0.920000
3,0.000000,0.000000,12.000000,0.000000,4.762251,-3.086155,12.000000,-1.150000
3,0.000000,0.000000,12.000000,0.000000,5.122719,-4.227965,12.000000,-1.380000
3,0.000000,0.000000,12.000000,0.000000,5.213388,-5.421885,12.000000,-1.610000
3,0.000000,0.000000,12.000000,0.000000,5.029481,-6.605035,12.000000,-1.840000
3,0.000000,0.000000,12.000000,0.000000,4.580687,-7.715103,12.000000,-2.070000
3,0.000000,0.000000,12.000000,0.000000,3.890640,-8.693622,12.000000,-2.300000
3,0.000000,0.000000,12.000000,0.000000,2.995684,-9.489059,12.000000,-2.530000
4,0.000000,0.000000,12.000000,0.000000,0.000000,0.000000,12.000000,0.000000
4,0.000000,0.000000,12.000000,0.000000,1.189902,-0.134432,12.000000,-0.225000
4,0.000000,0.000000,12.000000,0.000000,2.319818,-0.530949,12.000000,-0.450000
4,0.000000,0.000000,12.000000,0.000000,3.332789,-1.169564,12.000000,-0.675000
4,0.000000,0.000000,12.000000,0.000000,4.177747,-2.018082,12.000000,-0.900000
4,0.000000,0.000000,12.000000,0.000000,4.812098,-3.033728,12.000000,-1.125000
4,0.000000,0.000000,12.000000,0.000000,5.203863,-4.165301,12.000000,-1.350000
4,0.000000,0.000000,12.000000,0.000000,5.333291,-5.355758,12.000000,-1.575000
4,0.000000,0.000000,12.000000,0.000000,5.193859,-6.545084,12.000000,-1.800000
4,0.000000,0.000000,12.000000,0.000000,4.792595,-7.673323,12.000000,-2.025000
4,0.000000,0.000000,12.000000,0.000000,4.149727,-8.683600,12.000000,-2.250000
4,0.000000,0.000000,12.000000,0.000000,3.297665,-9.524985,12.000000,-2.475000
5,0.000000,0.000000,12.000000,0.000000,0.000000,0.000000,12.000000,0.000000
5,0.000000,0.000000,12.000000,0.000000,1.190344,-0.131469,12.000000,-0.220000
5,0.000000,0.000000,12.000000,0.000000,2.323308,-0.519537,12.000000,-0.440000
5,0.000000,0.000000,12.000000,0.000000,3.344276,-1.145498,12.000000,-0.660000
5,0.000000,0.000000,12.000000,0.000000,4.204034,-1.979177,12.000000,-0.880000
5,0.000000,0.000000,12.000000,0.000000,4.861135,-2.980387,12.000000,-1.100000
5,0.000000,0.000000,12.000000,0.000000,5.283905,-4.100865,12.000000,-1.320000
5,0.000000,0.000000,12.000000,0.000000,5.451964,-5.286596,12.000000,-1.540000
5,0.000000,0.000000,12.000000,0.000000,5.357210,-6.480424,12.000000,-1.760000
5,0.000000,0.000000,12.000000,0.000000,5.004211,-7.624800,12.000000,-1.980000
5,0.000000,0.000000,12.000000,0.000000,4.409984,-8.664559,12.000000,-2.200000
5,0.000000,0.000000,12.000000,0.000000,3.603173,-9.549578,12.000000,-2.420000
6,0.000000,0.000000,12.000000,0.000000,0.000000,0.000000,12.000000,0.000000
6,0.000000,0.000000,12.000000,0.000000,1.190777,-0.128504,12.000000,-0.215000
6,0.000000,0.000000,12.000000,0.000000,2.326722,-0.508099,12.000000,-0.430000
6,0.000000,0.000000,12.000000,0.000000,3.355529,-1.121304,12.000000,-0.645000
6,0.000000,0.000000,12.000000,0.000000,4.229822,-1.939885,12.000000,-0.860000
6,0.000000,0.000000,12.000000,0.000000,4.909344,-2.926148,12.000000,-1.075000
6,0.000000,0.000000,12.000000,0.000000,5.362804,-4.034677,12.000000,-1.290000
6,0.000000,0.000000,12.000000,0.000000,5.569322,-5.214429,12.000000,-1.505000
6,0.000000,0.000000,12.000000,0.000000,5.519389,-6.411078,12.000000,-1.720000
6,0.000000,0.000000,12.000000,0.000000,5.215303,-7.569524,12.000000,-1.935000
6,0.000000,0.000000,12.000000,0.000000,4.671066,-8.636421,12.000000,-2.150000
6,0.000000,0.000000,12.000000,0.000000,3.911741,-9.562644,12.000000,-2.365000
7,0.000000,0.000000,12.000000,0.000000,0.000000,0.000000,12.000000,0.000000
7,0.000000,0.000000,12.000000,0.000000,1.191200,-0.125538,12.000000,-0.210000
7,0.000000,0.000000,12.000000,0.000000,2.330061,-0.496635,12.000000,-0.420000
7,0.000000,0.000000,12.000000,0.000000,3.366544,-1.096986,12.000000,-0.630000
7,0.000000,0.000000,12.000000,0.000000,4.255106,-1.900214,12.000000,-0.840000
7,0.000000,0.000000,12.000000,0.000000,4.956707,-2.871025,12.000000,-1.050000
7,0.000000,0.000000,12.000000,0.000000,5.440520,-3.966763,12.000000,-1.260000
7,0.000000,0.000000,12.000000,0.000000,5.685286,-5.139285,12.000000,-1.470000
7,0.000000,0.000000,12.000000,0.000000,5.680251,-6.337071,12.000000,-1.680000
7,0.000000,0.000000,12.000000,0.000000,5.425636,-7.507494,12.000000,-1.890000
7,0.000000,0.000000,12.000000,0.000000,4.932628,-8.599126,12.000000,-2.100000
7,0.000000,0.000000,12.000000,0.000000,4.222890,-9.564004,12.000000,-2.310000
8,0.000000,0.000000,12.000000,0.000000,0.000000,0.000000,12.000000,0.000000
8,0.000000,0.000000,12.000000,0.000000,1.191613,-0.122570,12.000000,-0.205000
8,0.000000,0.000000,12.000000,0.000000,2.333324,-0.485147,12.000000,-0.410000
8,0.000000,0.000000,12.000000,0.000000,3.377320,-1.072546,12.000000,-0.615000
8,0.000000,0.000000,12.000000,0.000000,4.279881,-1.860170,12.000000,-0.820000
8,0.000000,0.000000,12.000000,0.000000,5.003208,-2.815033,12.000000,-1.025000
8,0.000000,0.000000,12.000000,0.000000,5.517011,-3.897147,12.000000,-1.230000
8,0.000000,0.000000,12.000000,0.000000,5.799772,-5.061197,12.000000,-1.435000
8,0.000000,0.000000,12.000000,0.000000,5.839651,-6.258434,12.000000,-1.640000
8,0.000000,0.000000,12.000000,0.000000,5.634976,-7.438719,12.000000,-1.845000
8,0.000000,0.000000,12.000000,0.000000,5.194319,-8.552626,12.000000,-2.050000
8,0.000000,0.000000,12.000000,0.000000,4.536135,-9.553505,12.000000,-2.255000
9,0.000000,0.000000,12.000000,0.000000,0.000000,0.000000,12.000000,0.000000
9,0.000000,0.000000,12.000000,0.000000,1.192017,-0.119601,12.000000,-0.200000
9,0.000000,0.000000,12.000000,0.000000,2.336511,-0.473634,12.000000,-0.400000
9,0.000000,0.000000,12.000000,0.000000,3.387857,-1.047987,12.000000,-0.600000
9,0.000000,0.000000,12.000000,0.000000,4.304139,-1.819761,12.000000,-0.800000
9,0.000000,0.000000,12.000000,0.000000,5.048829,-2.758188,12.000000,-1.000000
9,0.000000,0.000000,12.000000,0.000000,5.592238,-3.825856,12.000000,-1.200000
9,0.000000,0.000000,12.000000,0.000000,5.912702,-4.980200,12.000000,-1.400000
9,0.000000,0.000000,12.000000,0.000000,5.997445,-6.175201,12.000000,-1.600000
9,0.000000,0.000000,12.000000,0.000000,5.843089,-7.363217,12.000000,-1.800000
9,0.000000,0.000000,12.000000,0.000000,5.455788,-8.496886,12.000000,-2.000000
9,0.000000,0.000000,12.000000,0.000000,4.850981,-9.531012,12.000000,-2.200000
10,0.000000,0.000000,12.000000,0.000000,0.000000,0.000000,12.000000,0.000000
10,0.000000,0.000000,12.000000,0.000000,1.192410,-0.116630,12.000000,-0.195000
10,0.000000,0.000000,12.000000,0.000000,2.339622,-0.462098,12.000000,-0.390000
10,0.000000,0.000000,12.000000,0.000000,3.398152,-1.023311,12.000000,-0.585000
10,0.000000,0.000000,12.000000,0.000000,4.327876,-1.778995,12.000000,-0.780000
10,0.000000,0.000000,12.000000,0.000000,5.093553,-2.700506,12.000000,-0.975000
10,0.000000,0.000000,12.000000,0.000000,5.666160,-3.752915,12.000000,-1.170000
10,0.000000,0.000000,12.000000,0.000000,6.023994,-4.896330,12.000000,-1.365000
10,0.000000,0.000000,12.000000,0.000000,6.153491,-6.087412,12.000000,-1.560000
10,0.000000,0.000000,12.000000,0.000000,6.049741,-7.281011,12.000000,-1.755000
10,0.000000,0.000000,12.000000,0.000000,5.716678,-8.431886,12.000000,-1.950000
10,0.000000,0.000000,12.000000,0.000000,5.166926,-9.496413,12.000000,-2.145000
11,0.000000,0.000000,12.000000,0.000000,0.000000,0.000000,12.000000,0.000000
11,0.000000,0.000000,12.000000,0.000000,1.192794,-0.113658,12.000000,-0.190000
11,0.000000,0.000000,12.000000,0.000000,2.342657,-0.450539,12.000000,-0.380000
11,0.000000,0.000000,12.000000,0.000000,3.408204,-0.998521,12.000000,-0.570000
11,0.000000,0.000000,12.000000,0.000000,4.351085,-1.737879,12.000000,-0.760000
11,0.000000,0.000000,12.000000,0.000000,5.137363,-2.642003,12.000000,-0.950000
11,0.000000,0.000000,12.000000,0.000000,5.738740,-3.678352,12.000000,-1.140000
11,0.000000,0.000000,12.000000,0.000000,6.133571,-4.809627,12.000000,-1.330000
11,0.000000,0.000000,12.000000,0.000000,6.307646,-5.995111,12.000000,-1.520000
11,0.000000,0.000000,12.000000,0.000000,6.254698,-7.192137,12.000000,-1.710000
11,0.000000,0.000000,12.000000,0.000000,5.976635,-8.357622,12.000000,-1.900000
11,0.000000,0.000000,12.000000,0.000000,5.483463,-9.449618,12.000000,-2.090000
12,0.000000,0.000000,12.000000,0.000000,0.000000,0.000000,12.000000,0.000000
12,0.000000,0.000000,12.000000,0.000000,1.193167,-0.110684,12.000000,-0.185000
12,0.000000,0.000000,12.000000,0.000000,2.345615,-0.438958,12.000000,-0.370000
12,0.000000,0.000000,12.000000,0.000000,3.418012,-0.973619,12.000000,-0.555000
12,0.000000,0.000000,12.000000,0.000000,4.373761,-1.696421,12.000000,-0.740000
12,0.000000,0.000000,12.000000,0.000000,5.180245,-2.582696,12.000000,-0.925000
12,0.000000,0.000000,12.000000,0.000000,5.809940,-3.602197,12.000000,-1.110000
12,0.000000,0.000000,12.000000,0.000000,6.241356,-4.720132,12.000000,-1.295000
12,0.000000,0.000000,12.000000,0.000000,6.459770,-5.898349,12.000000,-1.480000
12,0.000000,0.000000,12.000000,0.000000,6.457729,-7.096637,12.000000,-1.665000
12,0.000000,0.000000,12.000000,0.000000,6.235301,-8.274102,12.000000,-1.850000
12,0.000000,0.000000,12.000000,0.000000,5.800078,-9.390561,12.000000,-2.035000
13,0.000000,0.000000,12.000000,0.000000,0.000000,0.000000,12.000000,0.000000
13,0.000000,0.000000,12.000000,0.000000,1.193531,-0.107709,12.000000,-0.180000
13,0.000000,0.000000,12.000000,0.000000,2.348496,-0.427355,12.000000,-0.360000
13,0.000000,0.000000,12.000000,0.000000,3.427575,-0.948609,12.000000,-0.540000
13,0.000000,0.000000,12.000000,0.000000,4.395899,-1.654629,12.000000,-0.720000
13,0.000000,0.000000,12.000000,0.000000,5.222181,-2.522601,12.000000,-0.900000
13,0.000000,0.000000,12.000000,0.000000,5.879721,-3.524479,12.000000,-1.080000
13,0.000000,0.000000,12.000000,0.000000,6.347271,-4.627889,12.000000,-1.260000
13,0.000000,0.000000,12.000000,0.000000,6.609725,-5.797177,12.000000,-1.440000
13,0.000000,0.000000,12.000000,0.000000,6.658601,-6.994561,12.000000,-1.620000
13,0.000000,0.000000,12.000000,0.000000,6.492320,-8.181350,12.000000,-1.800000
13,0.000000,0.000000,12.000000,0.000000,6.116255,-9.319196,12.000000,-1.980000
14,0.000000,0.000000,12.000000,0.000000,0.000000,0.000000,12.000000,0.000000
14,0.000000,0.000000,12.000000,0.000000,1.193885,-0.104732,12.000000,-0.175000
14,0.000000,0.000000,12.000000,0.000000,2.351300,-0.415730,12.000000,-0.350000
14,0.000000,0.000000,12.000000,0.000000,3.436890,-0.923493,12.000000,-0.525000
14,0.000000,0.000000,12.000000,0.000000,4.417494,-1.612511,12.000000,-0.700000
14,0.000000,0.000000,12.000000,0.000000,5.263157,-2.461737,12.000000,-0.875000
14,0.000000,0.000000,12.000000,0.000000,5.948047,-3.445228,12.000000,-1.050000
14,0.000000,0.000000,12.000000,0.000000,6.451242,-4.532943,12.000000,-1.225000
14,0.000000,0.000000,12.000000,0.000000,6.757372,-5.691656,12.000000,-1.400000
14,0.000000,0.000000,12.000000,0.000000,6.857085,-6.885970,12.000000,-1.575000
14,0.000000,0.000000,12.000000,0.000000,6.747334,-8.079404,12.000000,-1.750000
14,0.000000,0.000000,12.000000,0.000000,6.431474,-9.235502,12.000000,-1.925000
15,0.000000,0.000000,12.000000,0.000000,0.000000,0.000000,12.000000,0.000000
15,0.000000,0.000000,12.000000,0.000000,1.194229,-0.101755,12.000000,-0.170000
15,0.000000,0.000000,12.000000,0.000000,2.354027,-0.404085,12.000000,-0.340000
15,0.000000,0.000000,12.000000,0.000000,3.445958,-0.898274,12.000000,-0.510000
15,0.000000,0.000000,12.000000,0.000000,4.438540,-1.570075,12.000000,-0.680000
15,0.000000,0.000000,12.000000,0.000000,5.303157,-2.400120,12.000000,-0.850000
15,0.000000,0.000000,12.000000,0.000000,6.014882,-3.364477,12.000000,-1.020000
15,0.000000,0.000000,12.000000,0.000000,6.553195,-4.435343,12.000000,-1.190000
15,0.000000,0.000000,12.000000,0.000000,6.902576,-5.581846,12.000000,-1.360000
15,0.000000,0.000000,12.000000,0.000000,7.052952,-6.770931,12.000000,-1.530000
15,0.000000,0.000000,12.000000,0.000000,6.999989,-7.968316,12.000000,-1.700000
15,0.000000,0.000000,12.000000,0.000000,6.745213,-9.139480,12.000000,-1.870000
16,0.000000,0.000000,12.000000,0.000000,0.000000,0.000000,12.000000,0.000000
16,0.000000,0.000000,12.000000,0.000000,1.194563,-0.098776,12.000000,-0.165000
16,0.000000,0.000000,12.000000,0.000000,2.356677,-0.392419,12.000000,-0.330000
16,0.000000,0.000000,12.000000,0.000000,3.454777,-0.872955,12.000000,-0.495000
16,0.000000,0.000000,12.000000,0.000000,4.459033,-1.527330,12.000000,-0.660000
16,0.000000,0.000000,12.000000,0.000000,5.342167,-2.337768,12.000000,-0.825000
16,0.000000,0.000000,12.000000,0.000000,6.080191,-3.282256,12.000000,-0.990000
16,0.000000,0.000000,12.000000,0.000000,6.653056,-4.335139,12.000000,-1.155000
16,0.000000,0.000000,12.000000,0.000000,7.045203,-5.467816,12.000000,-1.320000
16,0.000000,0.000000,12.000000,0.000000,7.245978,-6.649521,12.000000,-1.485000
16,0.000000,0.000000,12.000000,0.000000,7.249929,-7.848154,12.000000,-1.650000
16,0.000000,0.000000,12.000000,0.000000,7.056949,-9.031157,12.000000,-1.815000
17,0.000000,0.000000,12.000000,0.000000,0.000000,0.000000,12.000000,0.000000
17,0.000000,0.000000,12.000000,0.000000,1.194887,-0.095795,12.000000,-0.160000
17,0.000000,0.000000,12.000000,0.000000,2.359250,-0.380734,12.000000,-0.320000
17,0.000000,0.000000,12.000000,0.000000,3.463345,-0.847538,12.000000,-0.480000
17,0.000000,0.000000,12.000000,0.000000,4.478967,-1.484282,12.000000,-0.640000
17,0.000000,0.000000,12.000000,0.000000,5.380172,-2.274700,12.000000,-0.800000
17,0.000000,0.000000,12.000000,0.000000,6.143938,-3.198601,12.000000,-0.960000
17,0.000000,0.000000,12.000000,0.000000,6.750755,-4.232383,12.000000,-1.120000
17,0.000000,0.000000,12.000000,0.000000,7.185121,-5.349637,12.000000,-1.280000
17,0.000000,0.000000,12.000000,0.000000,7.435939,-6.521824,12.000000,-1.440000
17,0.000000,0.000000,12.000000,0.000000,7.496804,-7.718998,12.000000,-1.600000
17,0.000000,0.000000,12.000000,0.000000,7.366159,-8.910578,12.000000,-1.760000
18,0.000000,0.000000,12.000000,0.000000,0.000000,0.000000,12.000000,0.000000
18,0.000000,0.000000,12.000000,0.000000,1.195201,-0.092814,12.000000,-0.155000
18,0.000000,0.000000,12.000000,0.000000,2.361745,-0.369031,12.000000,-0.310000
18,0.000000,0.000000,12.000000,0.000000,3.471661,-0.822027,12.000000,-0.465000
18,0.000000,0.000000,12.000000,0.000000,4.498338,-1.440941,12.000000,-0.620000
18,0.000000,0.000000,12.000000,0.000000,5.417158,-2.210934,12.000000,-0.775000
18,0.000000,0.000000,12.000000,0.000000,6.206091,-3.113544,12.000000,-0.930000
18,0.000000,0.000000,12.000000,0.000000,6.846221,-4.127128,12.000000,-1.085000
18,0.000000,0.000000,12.000000,0.000000,7.322200,-5.227385,12.000000,-1.240000
18,0.000000,0.000000,12.000000,0.000000,7.622615,-6.387932,12.000000,-1.395000
18,0.000000,0.000000,12.000000,0.000000,7.740263,-7.580945,12.000000,-1.550000
18,0.000000,0.000000,12.000000,0.000000,7.672323,-8.777817,12.000000,-1.705000
19,0.000000,0.000000,12.000000,0.000000,0.000000,0.000000,12.000000,0.000000
19,0.000000,0.000000,12.000000,0.000000,1.195505,-0.089831,12.000000,-0.150000
19,0.000000,0.000000,12.000000,0.000000,2.364162,-0.357308,12.000000,-0.300000
19,0.000000,0.000000,12.000000,0.000000,3.479725,-0.796423,12.000000,-0.450000
19,0.000000,0.000000,12.000000,0.000000,4.517141,-1.397315,12.000000,-0.600000
19,0.000000,0.000000,12.000000,0.000000,5.453111,-2.146489,12.000000,-0.750000
19,0.000000,0.000000,12.000000,0.000000,6.266616,-3.027121,12.000000,-0.900000
19,0.000000,0.000000,12.000000,0.000000,6.939387,-4.019432,12.000000,-1.050000
19,0.000000,0.000000,12.000000,0.000000,7.456314,-5.101139,12.000000,-1.200000
19,0.000000,0.000000,12.000000,0.000000,7.805788,-6.247948,12.000000,-1.350000
19,0.000000,0.000000,12.000000,0.000000,7.979961,-7.434104,12.000000,-1.500000
19,0.000000,0.000000,12.000000,0.000000,7.974922,-8.632969,12.000000,-1.650000
20,0.000000,0.000000,12.000000,0.000000,0.000000,0.000000,12.000000,0.000000
20,0.000000,0.000000,12.000000,0.000000,1.195800,-0.086848,12.000000,-0.145000
20,0.000000,0.000000,12.000000,0.000000,2.366502,-0.345568,12.000000,-0.290000
20,0.000000,0.000000,12.000000,0.000000,3.487535,-0.770731,12.000000,-0.435000
20,0.000000,0.000000,12.000000,0.000000,4.535371,-1.353413,12.000000,-0.580000
20,0.000000,0.000000,12.000000,0.000000,5.488018,-2.081384,12.000000,-0.725000
20,0.000000,0.000000,12.000000,0.000000,6.325482,-2.939367,12.000000,-0.870000
20,0.000000,0.000000,12.000000,0.000000,7.030185,-3.909353,12.000000,-1.015000
20,0.000000,0.000000,12.000000,0.000000,7.587337,-4.970984,12.000000,-1.160000
20,0.000000,0.000000,12.000000,0.000000,7.985245,-6.101978,12.000000,-1.305000
20,0.000000,0.000000,12.000000,0.000000,8.215557,-7.278599,12.000000,-1.450000
20,0.000000,0.000000,12.000000,0.000000,8.273439,-8.476150,12.000000,-1.595000
21,0.000000,0.000000,12.000000,0.000000,0.000000,0.000000,12.000000,0.000000
21,0.000000,0.000000,12.000000,0.000000,1.196084,-0.083863,12.000000,-0.140000
21,0.000000,0.000000,12.000000,0.000000,2.368763,-0.333811,12.000000,-0.280000
21,0.000000,0.000000,12.000000,0.000000,3.495090,-0.744952,12.000000,-0.420000
21,0.000000,0.000000,12.000000,0.000000,4.553025,-1.309242,12.000000,-0.560000
21,0.000000,0.000000,12.000000,0.000000,5.521867,-2.015639,12.000000,-0.700000
21,0.000000,0.000000,12.000000,0.000000,6.382656,-2.850319,12.000000,-0.840000
21,0.000000,0.000000,12.000000,0.000000,7.118550,-3.796950,12.000000,-0.980000
21,0.000000,0.000000,12.000000,0.000000,7.715148,-4.837008,12.000000,-1.120000
21,0.000000,0.000000,12.000000,0.000000,8.160775,-5.950142,12.000000,-1.260000
21,0.000000,0.000000,12.000000,0.000000,8.446713,-7.114568,12.000000,-1.400000
21,0.000000,0.000000,12.000000,0.000000,8.567365,-8.307503,12.000000,-1.540000
22,0.000000,0.000000,12.000000,0.000000,0.000000,0.000000,12.000000,0.000000
22,0.000000,0.000000,12.000000,0.000000,1.196358,-0.080877,12.000000,-0.135000
22,0.000000,0.000000,12.000000,0.000000,2.370946,-0.322037,12.000000,-0.270000
22,0.000000,0.000000,12.000000,0.000000,3.502389,-0.719090,12.000000,-0.405000
22,0.000000,0.000000,12.000000,0.000000,4.570098,-1.264812,12.000000,-0.540000
22,0.000000,0.000000,12.000000,0.000000,5.554643,-1.949272,12.000000,-0.675000
22,0.000000,0.000000,12.000000,0.000000,6.438109,-2.760014,12.000000,-0.810000
22,0.000000,0.000000,12.000000,0.000000,7.204418,-3.682286,12.000000,-0.945000
22,0.000000,0.000000,12.000000,0.000000,7.839626,-4.699304,12.000000,-1.080000
22,0.000000,0.000000,12.000000,0.000000,8.332173,-5.792561,12.000000,-1.215000
22,0.000000,0.000000,12.000000,0.000000,8.673098,-6.942164,12.000000,-1.350000
22,0.000000,0.000000,12.000000,0.000000,8.856194,-8.127191,12.000000,-1.485000
23,0.000000,0.000000,12.000000,0.000000,0.000000,0.000000,12.000000,0.000000
23,0.000000,0.000000,12.000000,0.000000,1.196623,-0.077890,12.000000,-0.130000
23,0.000000,0.000000,12.000000,0.000000,2.373051,-0.310246,12.000000,-0.260000
23,0.000000,0.000000,12.000000,0.000000,3.509432,-0.693147,12.000000,-0.390000
23,0.000000,0.000000,12.000000,0.000000,4.586586,-1.220131,12.000000,-0.520000
23,0.000000,0.000000,12.000000,0.000000,5.586337,-1.882304,12.000000,-0.650000
23,0.000000,0.000000,12.000000,0.000000,6.491811,-2.668491,12.000000,-0.780000
23,0.000000,0.000000,12.000000,0.000000,7.287728,-3.565424,12.000000,-0.910000
23,0.000000,0.000000,12.000000,0.000000,7.960655,-4.557967,12.000000,-1.040000
23,0.000000,0.000000,12.000000,0.000000,8.499237,-5.629370,12.000000,-1.170000
23,0.000000,0.000000,12.000000,0.000000,8.894384,-6.761550,12.000000,-1.300000
23,0.000000,0.000000,12.000000,0.000000,9.139428,-7.935401,12.000000,-1.430000
24,0.000000,0.000000,12.000000,0.000000,0.000000,0.000000,12.000000,0.000000
24,0.000000,0.000000,12.000000,0.000000,1.196878,-0.074902,12.000000,-0.125000
24,0.000000,0.000000,12.000000,0.000000,2.375078,-0.298441,12.000000,-0.250000
24,0.000000,0.000000,12.000000,0.000000,3.516217,-0.667127,12.000000,-0.375000
24,0.000000,0.000000,12.000000,0.000000,4.602486,-1.175208,12.000000,-0.500000
24,0.000000,0.000000,12.000000,0.000000,5.616934,-1.814754,12.000000,-0.625000
24,0.000000,0.000000,12.000000,0.000000,6.543733,-2.575787,12.000000,-0.750000
24,0.000000,0.000000,12.000000,0.000000,7.368418,-3.446430,12.000000,-0.875000
24,0.000000,0.000000,12.000000,0.000000,8.078122,-4.413098,12.000000,-1.000000
24,0.000000,0.000000,12.000000,0.000000,8.661770,-5.460706,12.000000,-1.125000
24,0.000000,0.000000,12.000000,0.000000,9.110253,-6.572906,12.000000,-1.250000
24,0.000000,0.000000,12.000000,0.000000,9.416574,-7.732343,12.000000,-1.375000
25,0.000000,0.000000,12.000000,0.000000,0.000000,0.000000,12.000000,0.000000
25,0.000000,0.000000,12.000000,0.000000,1.197122,-0.071914,12.000000,-0.120000
25,0.000000,0.000000,12.000000,0.000000,2.377026,-0.286620,12.000000,-0.240000
25,0.000000,0.000000,12.000000,0.000000,3.522743,-0.641032,12.000000,-0.360000
25,0.000000,0.000000,12.000000,0.000000,4.617792,-1.130051,12.000000,-0.480000
25,0.000000,0.000000,12.000000,0.000000,5.646425,-1.746644,12.000000,-0.600000
25,0.000000,0.000000,12.000000,0.000000,6.593847,-2.481943,12.000000,-0.720000
25,0.000000,0.000000,12.000000,0.000000,7.446432,-3.325372,12.000000,-0.840000
25,0.000000,0.000000,12.000000,0.000000,8.191916,-4.264800,12.000000,-0.960000
25,0.000000,0.000000,12.000000,0.000000,8.819579,-5.286717,12.000000,-1.080000
25,0.000000,0.000000,12.000000,0.000000,9.320392,-6.376423,12.000000,-1.200000
25,0.000000,0.000000,12.000000,0.000000,9.687152,-7.518246,12.000000,-1.320000
26,0.000000,0.000000,12.000000,0.000000,0.000000,0.000000,12.000000,0.000000
26,0.000000,0.000000,12.000000,0.000000,1.197357,-0.068924,12.000000,-0.115000
26,0.000000,0.000000,12.000000,0.000000,2.378896,-0.274785,12.000000,-0.230000
26,0.000000,0.000000,12.000000,0.000000,3.529009,-0.614865,12.000000,-0.345000
26,0.000000,0.000000,12.000000,0.000000,4.632502,-1.084670,12.000000,-0.460000
26,0.000000,0.000000,12.000000,0.000000,5.674798,-1.677993,12.000000,-0.575000
26,0.000000,0.000000,12.000000,0.000000,6.642128,-2.386998,12.000000,-0.690000
26,0.000000,0.000000,12.000000,0.000000,7.521712,-3.202318,12.000000,-0.805000
26,0.000000,0.000000,12.000000,0.000000,8.301930,-4.113181,12.000000,-0.920000
26,0.000000,0.000000,12.000000,0.000000,8.972477,-5.107556,12.000000,-1.035000
26,0.000000,0.000000,12.000000,0.000000,9.524494,-6.172305,12.000000,-1.150000
26,0.000000,0.000000,12.000000,0.000000,9.950688,-7.293364,12.000000,-1.265000
27,0.000000,0.000000,12.000000,0.000000,0.000000,0.000000,12.000000,0.000000
27,0.000000,0.000000,12.000000,0.000000,1.197582,-0.065933,12.000000,-0.110000
27,0.000000,0.000000,12.000000,0.000000,2.380687,-0.262937,12.000000,-0.220000
27,0.000000,0.000000,12.000000,0.000000,3.535015,-0.588629,12.000000,-0.330000
27,0.000000,0.000000,12.000000,0.000000,4.646613,-1.039073,12.000000,-0.440000
27,0.000000,0.000000,12.000000,0.000000,5.702043,-1.608823,12.000000,-0.550000
27,0.000000,0.000000,12.000000,0.000000,6.688548,-2.290994,12.000000,-0.660000
27,0.000000,0.000000,12.000000,0.000000,7.594203,-3.077338,12.000000,-0.770000
27,0.000000,0.000000,12.000000,0.000000,8.408061,-3.958351,12.000000,-0.880000
27,0.000000,0.000000,12.000000,0.000000,9.120284,-4.923384,12.000000,-0.990000
27,0.000000,0.000000,12.000000,0.000000,9.722263,-5.960770,12.000000,-1.100000
27,0.000000,0.000000,12.000000,0.000000,10.206721,-7.057971,12.000000,-1.210000
28,0.000000,0.000000,12.000000,0.000000,0.000000,0.000000,12.000000,0.000000
28,0.000000,0.000000,12.000000,0.000000,1.197796,-0.062942,12.000000,-0.105000
28,0.000000,0.000000,12.000000,0.000000,2.382399,-0.251075,12.000000,-0.210000
28,0.000000,0.000000,12.000000,0.000000,3.540760,-0.562327,12.000000,-0.315000
28,0.000000,0.000000,12.000000,0.000000,4.660120,-0.993269,12.000000,-0.420000
28,0.000000,0.000000,12.000000,0.000000,5.728149,-1.539155,12.000000,-0.525000
28,0.000000,0.000000,12.000000,0.000000,6.733083,-2.193971,12.000000,-0.630000
28,0.000000,0.000000,12.000000,0.000000,7.663854,-2.950506,12.000000,-0.735000
28,0.000000,0.000000,12.000000,0.000000,8.510207,-3.800425,12.000000,-0.840000
28,0.000000,0.000000,12.000000,0.000000,9.262822,-4.734367,12.000000,-0.945000
28,0.000000,0.000000,12.000000,0.000000,9.913409,-5.742045,12.000000,-1.050000
28,0.000000,0.000000,12.000000,0.000000,10.454800,-6.812360,12.000000,-1.155000
29,0.000000,0.000000,12.000000,0.000000,0.000000,0.000000,12.000000,0.000000
29,0.000000,0.000000,12.000000,0.000000,1.198001,-0.059950,12.000000,-0.100000
29,0.000000,0.000000,12.000000,0.000000,2.384032,-0.239201,12.000000,-0.200000
29,0.000000,0.000000,12.000000,0.000000,3.546243,-0.535962,12.000000,-0.300000
29,0.000000,0.000000,12.000000,0.000000,4.673020,-0.947268,12.000000,-0.400000
29,0.000000,0.000000,12.000000,0.000000,5.753107,-1.469009,12.000000,-0.500000
29,0.000000,0.000000,12.000000,0.000000,6.775710,-2.095973,12.000000,-0.600000
29,0.000000,0.000000,12.000000,0.000000,7.730613,-2.821894,12.000000,-0.700000
29,0.000000,0.000000,12.000000,0.000000,8.608273,-3.639520,12.000000,-0.800000
29,0.000000,0.000000,12.000000,0.000000,9.399923,-4.540681,12.000000,-0.900000
29,0.000000,0.000000,12.000000,0.000000,10.097652,-5.516373,12.000000,-1.000000
29,0.000000,0.000000,12.000000,0.000000,10.694489,-6.556847,12.000000,-1.100000
30,0.000000,0.000000,12.000000,0.000000,0.000000,0.000000,12.000000,0.000000
30,0.000000,0.000000,12.000000,0.000000,1.198196,-0.056957,12.000000,-0.095000
30,0.000000,0.000000,12.000000,0.000000,2.385586,-0.227315,12.000000,-0.190000
30,0.000000,0.000000,12.000000,0.000000,3.551463,-0.509537,12.000000,-0.285000
30,0.000000,0.000000,12.000000,0.000000,4.685311,-0.901078,12.000000,-0.380000
30,0.000000,0.000000,12.000000,0.000000,5.776907,-1.398408,12.000000,-0.475000
30,0.000000,0.000000,12.000000,0.000000,6.816405,-1.997040,12.000000,-0.570000
30,0.000000,0.000000,12.000000,0.000000,7.794431,-2.691578,12.000000,-0.665000
30,0.000000,0.000000,12.000000,0.000000,8.702166,-3.475756,12.000000,-0.760000
30,0.000000,0.000000,12.000000,0.000000,9.531422,-4.342503,12.000000,-0.855000
30,0.000000,0.000000,12.000000,0.000000,10.274722,-5.284003,12.000000,-0.950000
30,0.000000,0.000000,12.000000,0.000000,10.925363,-6.291765,12.000000,-1.045000
31,0.000000,0.000000,12.000000,0.000000,0.000000,0.000000,12.000000,0.000000
31,0.000000,0.000000,12.000000,0.000000,1.198381,-0.053964,12.000000,-0.090000
31,0.000000,0.000000,12.000000,0.000000,2.387061,-0.215417,12.000000,-0.180000
31,0.000000,0.000000,12.000000,0.000000,3.556419,-0.483055,12.000000,-0.270000
31,0.000000,0.000000,12.000000,0.000000,4.696990,-0.854709,12.000000,-0.360000
31,0.000000,0.000000,12.000000,0.000000,5.799541,-1.327372,12.000000,-0.450000
31,0.000000,0.000000,12.000000,0.000000,6.855147,-1.897218,12.000000,-0.540000
31,0.000000,0.000000,12.000000,0.000000,7.855264,-2.559633,12.000000,-0.630000
31,0.000000,0.000000,12.000000,0.000000,8.791796,-3.309257,12.000000,-0.720000
31,0.000000,0.000000,12.000000,0.000000,9.657163,-4.140021,12.000000,-0.810000
31,0.000000,0.000000,12.000000,0.000000,10.444359,-5.045201,12.000000,-0.900000
31,0.000000,0.000000,12.000000,0.000000,11.147013,-6.017469,12.000000,-0.990000
32,0.000000,0.000000,12.000000,0.000000,0.000000,0.000000,12.000000,0.000000
32,0.000000,0.000000,12.000000,0.000000,1.198556,-0.050969,12.000000,-0.085000
32,0.000000,0.000000,12.000000,0.000000,2.388457,-0.203509,12.000000,-0.170000
32,0.000000,0.000000,12.000000,0.000000,3.561112,-0.456518,12.000000,-0.255000
32,0.000000,0.000000,12.000000,0.000000,4.708053,-0.808169,12.000000,-0.340000
32,0.000000,0.000000,12.000000,0.000000,5.820999,-1.255924,12.000000,-0.425000
32,0.000000,0.000000,12.000000,0.000000,6.891914,-1.796548,12.000000,-0.510000
32,0.000000,0.000000,12.000000,0.000000,7.913065,-2.426139,12.000000,-0.595000
32,0.000000,0.000000,12.000000,0.000000,8.877078,-3.140150,12.000000,-0.680000
32,0.000000,0.000000,12.000000,0.000000,9.776993,-3.933426,12.000000,-0.765000
32,0.000000,0.000000,12.000000,0.000000,10.606312,-4.800238,12.000000,-0.850000
32,0.000000,0.000000,12.000000,0.000000,11.359046,-5.734328,12.000000,-0.935000
33,0.000000,0.000000,12.000000,0.000000,0.000000,0.000000,12.000000,0.000000
33,0.000000,0.000000,12.000000,0.000000,1.198720,-0.047974,12.000000,-0.080000
33,0.000000,0.000000,12.000000,0.000000,2.389773,-0.191591,12.000000,-0.160000
33,0.000000,0.000000,12.000000,0.000000,3.565539,-0.429930,12.000000,-0.240000
33,0.000000,0.000000,12.000000,0.000000,4.718498,-0.761469,12.000000,-0.320000
33,0.000000,0.000000,12.000000,0.000000,5.841275,-1.184085,12.000000,-0.400000
33,0.000000,0.000000,12.000000,0.000000,6.926688,-1.695076,12.000000,-0.480000
33,0.000000,0.000000,12.000000,0.000000,7.967793,-2.291173,12.000000,-0.560000
33,0.000000,0.000000,12.000000,0.000000,8.957932,-2.968564,12.000000,-0.640000
33,0.000000,0.000000,12.000000,0.000000,9.890770,-3.722914,12.000000,-0.720000
33,0.000000,0.000000,12.000000,0.000000,10.760342,-4.549399,12.000000,-0.800000
33,0.000000,0.000000,12.000000,0.000000,11.561083,-5.442733,12.000000,-0.880000
34,0.000000,0.000000,12.000000,0.000000,0.000000,0.000000,12.000000,0.000000
34,0.000000,0.000000,12.000000,0.000000,1.198875,-0.044979,12.000000,-0.075000
34,0.000000,0.000000,12.000000,0.000000,2.391010,-0.179663,12.000000,-0.150000
34,0.000000,0.000000,12.000000,0.000000,3.569702,-0.403294,12.000000,-0.225000
34,0.000000,0.000000,12.000000,0.000000,4.728323,-0.714616,12.000000,-0.300000
34,0.000000,0.000000,12.000000,0.000000,5.860361,-1.111878,12.000000,-0.375000
34,0.000000,0.000000,12.000000,0.000000,6.959449,-1.592846,12.000000,-0.450000
34,0.000000,0.000000,12.000000,0.000000,8.019408,-2.154817,12.000000,-0.525000
34,0.000000,0.000000,12.000000,0.000000,9.034280,-2.794630,12.000000,-0.600000
34,0.000000,0.000000,12.000000,0.000000,9.998357,-3.508689,12.000000,-0.675000
34,0.000000,0.000000,12.000000,0.000000,10.906220,-4.292978,12.000000,-0.750000
34,0.000000,0.000000,12.000000,0.000000,11.752765,-5.143089,12.000000,-0.825000
35,0.000000,0.000000,12.000000,0.000000,0.000000,0.000000,12.000000,0.000000
35,0.000000,0.000000,12.000000,0.000000,1.199020,-0.041983,12.000000,-0.070000
35,0.000000,0.000000,12.000000,0.000000,2.392168,-0.167726,12.000000,-0.140000
35,0.000000,0.000000,12.000000,0.000000,3.573598,-0.376613,12.000000,-0.210000
35,0.000000,0.000000,12.000000,0.000000,4.737525,-0.667621,12.000000,-0.280000
35,0.000000,0.000000,12.000000,0.000000,5.878248,-1.039325,12.000000,-0.350000
35,0.000000,0.000000,12.000000,0.000000,6.990179,-1.489904,12.000000,-0.420000
35,0.000000,0.000000,12.000000,0.000000,8.067872,-2.017151,12.000000,-0.490000
35,0.000000,0.000000,12.000000,0.000000,9.106049,-2.618484,12.000000,-0.560000
35,0.000000,0.000000,12.000000,0.000000,10.099625,-3.290957,12.000000,-0.630000
35,0.000000,0.000000,12.000000,0.000000,11.043732,-4.031277,12.000000,-0.700000
35,0.000000,0.000000,12.000000,0.000000,11.933747,-4.835817,12.000000,-0.770000
36,0.000000,0.000000,12.000000,0.000000,0.000000,0.000000,12.000000,0.000000
36,0.000000,0.000000,12.000000,0.000000,1.199155,-0.038986,12.000000,-0.065000
36,0.000000,0.000000,12.000000,0.000000,2.393246,-0.155780,12.000000,-0.130000
36,0.000000,0.000000,12.000000,0.000000,3.577228,-0.349889,12.000000,-0.195000
36,0.000000,0.000000,12.000000,0.000000,4.746103,-0.620493,12.000000,-0.260000
36,0.000000,0.000000,12.000000,0.000000,5.894931,-0.966448,12.000000,-0.325000
36,0.000000,0.000000,12.000000,0.000000,7.018863,-1.386294,12.000000,-0.390000
36,0.000000,0.000000,12.000000,0.000000,8.113150,-1.878258,12.000000,-0.455000
36,0.000000,0.000000,12.000000,0.000000,9.173172,-2.440261,12.000000,-0.520000
36,0.000000,0.000000,12.000000,0.000000,10.194450,-3.069931,12.000000,-0.585000
36,0.000000,0.000000,12.000000,0.000000,11.172672,-3.764607,12.000000,-0.650000
36,0.000000,0.000000,12.000000,0.000000,12.103706,-4.521356,12.000000,-0.715000
37,0.000000,0.000000,12.000000,0.000000,0.000000,0.000000,12.000000,0.000000
37,0.000000,0.000000,12.000000,0.000000,1.199280,-0.035989,12.000000,-0.060000
37,0.000000,0.000000,12.000000,0.000000,2.394244,-0.143827,12.000000,-0.120000
37,0.000000,0.000000,12.000000,0.000000,3.580591,-0.323126,12.000000,-0.180000
37,0.000000,0.000000,12.000000,0.000000,4.754053,-0.573241,12.000000,-0.240000
37,0.000000,0.000000,12.000000,0.000000,5.910404,-0.893270,12.000000,-0.300000
37,0.000000,0.000000,12.000000,0.000000,7.045485,-1.282064,12.000000,-0.360000
37,0.000000,0.000000,12.000000,0.000000,8.155209,-1.738221,12.000000,-0.420000
37,0.000000,0.000000,12.000000,0.000000,9.235584,-2.260102,12.000000,-0.480000
37,0.000000,0.000000,12.000000,0.000000,10.282720,-2.845826,12.000000,-0.540000
37,0.000000,0.000000,12.000000,0.000000,11.292850,-3.493288,12.000000,-0.600000
37,0.000000,0.000000,12.000000,0.000000,12.262337,-4.200155,12.000000,-0.660000
38,0.000000,0.000000,12.000000,0.000000,0.000000,0.000000,12.000000,0.000000
38,0.000000,0.000000,12.000000,0.000000,1.199395,-0.032992,12.000000,-0.055000
38,0.000000,0.000000,12.000000,0.000000,2.395163,-0.131867,12.000000,-0.110000
38,0.000000,0.000000,12.000000,0.000000,3.583687,-0.296327,12.000000,-0.165000
38,0.000000,0.000000,12.000000,0.000000,4.761374,-0.525874,12.000000,-0.220000
38,0.000000,0.000000,12.000000,0.000000,5.924660,-0.819814,12.000000,-0.275000
38,0.000000,0.000000,12.000000,0.000000,7.070030,-1.177258,12.000000,-0.330000
38,0.000000,0.000000,12.000000,0.000000,8.194018,-1.597125,12.000000,-0.385000
38,0.000000,0.000000,12.000000,0.000000,9.293225,-2.078146,12.000000,-0.440000
38,0.000000,0.000000,12.000000,0.000000,10.364327,-2.618865,12.000000,-0.495000
38,0.000000,0.000000,12.000000,0.000000,11.404085,-3.217647,12.000000,-0.550000
38,0.000000,0.000000,12.000000,0.000000,12.409354,-3.872682,12.000000,-0.605000
39,0.000000,0.000000,12.000000,0.000000,0.000000,0.000000,12.000000,0.000000
39,0.000000,0.000000,12.000000,0.000000,1.199500,-0.029994,12.000000,-0.050000
39,0.000000,0.000000,12.000000,0.000000,2.396002,-0.119900,12.000000,-0.100000
39,0.000000,0.000000,12.000000,0.000000,3.586515,-0.269494,12.000000,-0.150000
39,0.000000,0.000000,12.000000,0.000000,4.768064,-0.478402,12.000000,-0.200000
39,0.000000,0.000000,12.000000,0.000000,5.937695,-0.746102,12.000000,-0.250000
39,0.000000,0.000000,12.000000,0.000000,7.092485,-1.071924,12.000000,-0.300000
39,0.000000,0.000000,12.000000,0.000000,8.229547,-1.455055,12.000000,-0.350000
39,0.000000,0.000000,12.000000,0.000000,9.346040,-1.894536,12.000000,-0.400000
39,0.000000,0.000000,12.000000,0.000000,10.439173,-2.389270,12.000000,-0.450000
39,0.000000,0.000000,12.000000,0.000000,11.506213,-2.938019,12.000000,-0.500000
39,0.000000,0.000000,12.000000,0.000000,12.544494,-3.539411,12.000000,-0.550000
40,0.000000,0.000000,12.000000,0.000000,0.000000,0.000000,12.000000,0.000000
40,0.000000,0.000000,12.000000,0.000000,1.199595,-0.026995,12.000000,-0.045000
40,0.000000,0.000000,12.000000,0.000000,2.396761,-0.107927,12.000000,-0.090000
40,0.000000,0.000000,12.000000,0.000000,3.589075,-0.242631,12.000000,-0.135000
40,0.000000,0.000000,12.000000,0.000000,4.774122,-0.430835,12.000000,-0.180000
40,0.000000,0.000000,12.000000,0.000000,5.949503,-0.672157,12.000000,-0.225000
40,0.000000,0.000000,12.000000,0.000000,7.112838,-0.966109,12.000000,-0.270000
40,0.000000,0.000000,12.000000,0.000000,8.261773,-1.312097,12.000000,-0.315000
40,0.000000,0.000000,12.000000,0.000000,9.393980,-1.709418,12.000000,-0.360000
40,0.000000,0.000000,12.000000,0.000000,10.507167,-2.157269,12.000000,-0.405000
40,0.000000,0.000000,12.000000,0.000000,11.599081,-2.654744,12.000000,-0.450000
40,0.000000,0.000000,12.000000,0.000000,12.667511,-3.200834,12.000000,-0.495000
41,0.000000,0.000000,12.000000,0.000000,0.000000,0.000000,12.000000,0.000000
41,0.000000,0.000000,12.000000,0.000000,1.199680,-0.023997,12.000000,-0.040000
41,0.000000,0.000000,12.000000,0.000000,2.397441,-0.095949,12.000000,-0.080000
41,0.000000,0.000000,12.000000,0.000000,3.591366,-0.215741,12.000000,-0.120000
41,0.000000,0.000000,12.000000,0.000000,4.779546,-0.383181,12.000000,-0.160000
41,0.000000,0.000000,12.000000,0.000000,5.960080,-0.598003,12.000000,-0.200000
41,0.000000,0.000000,12.000000,0.000000,7.131079,-0.859861,12.000000,-0.240000
41,0.000000,0.000000,12.000000,0.000000,8.290669,-1.168337,12.000000,-0.280000
41,0.000000,0.000000,12.000000,0.000000,9.436997,-1.522937,12.000000,-0.320000
41,0.000000,0.000000,12.000000,0.000000,10.568227,-1.923095,12.000000,-0.360000
41,0.000000,0.000000,12.000000,0.000000,11.682550,-2.368170,12.000000,-0.400000
41,0.000000,0.000000,12.000000,0.000000,12.778184,-2.857450,12.000000,-0.440000
42,0.000000,0.000000,12.000000,0.000000,0.000000,0.000000,12.000000,0.000000
42,0.000000,0.000000,12.000000,0.000000,1.199755,-0.020998,12.000000,-0.035000
42,0.000000,0.000000,12.000000,0.000000,2.398040,-0.083966,12.000000,-0.070000
42,0.000000,0.000000,12.000000,0.000000,3.593389,-0.188826,12.000000,-0.105000
42,0.000000,0.000000,12.000000,0.000000,4.784335,-0.335452,12.000000,-0.140000
42,0.000000,0.000000,12.000000,0.000000,5.969422,-0.523662,12.000000,-0.175000
42,0.000000,0.000000,12.000000,0.000000,7.147197,-0.753226,12.000000,-0.210000
42,0.000000,0.000000,12.000000,0.000000,8.316217,-1.023863,12.000000,-0.245000
42,0.000000,0.000000,12.000000,0.000000,9.475051,-1.335242,12.000000,-0.280000
42,0.000000,0.000000,12.000000,0.000000,10.622279,-1.686981,12.000000,-0.315000
42,0.000000,0.000000,12.000000,0.000000,11.756496,-2.078650,12.000000,-0.350000
42,0.000000,0.000000,12.000000,0.000000,12.876313,-2.509768,12.000000,-0.385000
43,0.000000,0.000000,12.000000,0.000000,0.000000,0.000000,12.000000,0.000000
43,0.000000,0.000000,12.000000,0.000000,1.199820,-0.017999,12.000000,-0.030000
43,0.000000,0.000000,12.000000,0.000000,2.398560,-0.071978,12.000000,-0.060000
43,0.000000,0.000000,12.000000,0.000000,3.595142,-0.161891,12.000000,-0.090000
43,0.000000,0.000000,12.000000,0.000000,4.788488,-0.287655,12.000000,-0.120000
43,0.000000,0.000000,12.000000,0.000000,5.977525,-0.449157,12.000000,-0.150000
43,0.000000,0.000000,12.000000,0.000000,7.161183,-0.646252,12.000000,-0.180000
43,0.000000,0.000000,12.000000,0.000000,8.338396,-0.878763,12.000000,-0.210000
43,0.000000,0.000000,12.000000,0.000000,9.508105,-1.146481,12.000000,-0.240000
43,0.000000,0.000000,12.000000,0.000000,10.669257,-1.449164,12.000000,-0.270000
43,0.000000,0.000000,12.000000,0.000000,11.820808,-1.786540,12.000000,-0.300000
43,0.000000,0.000000,12.000000,0.000000,12.961721,-2.158306,12.000000,-0.330000
44,0.000000,0.000000,12.000000,0.000000,0.000000,0.000000,12.000000,0.000000
44,0.000000,0.000000,12.000000,0.000000,1.199875,-0.014999,12.000000,-0.025000
44,0.000000,0.000000,12.000000,0.000000,2.399000,-0.059988,12.000000,-0.050000
44,0.000000,0.000000,12.000000,0.000000,3.596626,-0.134937,12.000000,-0.075000
44,0.000000,0.000000,12.000000,0.000000,4.792004,-0.239800,12.000000,-0.100000
44,0.000000,0.000000,12.000000,0.000000,5.984387,-0.374512,12.000000,-0.125000
44,0.000000,0.000000,12.000000,0.000000,7.173030,-0.538988,12.000000,-0.150000
44,0.000000,0.000000,12.000000,0.000000,8.357191,-0.733126,12.000000,-0.175000
44,0.000000,0.000000,12.000000,0.000000,9.536128,-0.956804,12.000000,-0.200000
44,0.000000,0.000000,12.000000,0.000000,10.709105,-1.209883,12.000000,-0.225000
44,0.000000,0.000000,12.000000,0.000000,11.875390,-1.492204,12.000000,-0.250000
44,0.000000,0.000000,12.000000,0.000000,13.034253,-1.803591,12.000000,-0.275000
45,0.000000,0.000000,12.000000,0.000000,0.000000,0.000000,12.000000,0.000000
45,0.000000,0.000000,12.000000,0.000000,1.199920,-0.012000,12.000000,-0.020000
45,0.000000,0.000000,12.000000,0.000000,2.399360,-0.047994,12.000000,-0.040000
45,0.000000,0.000000,12.000000,0.000000,3.597840,-0.107968,12.000000,-0.060000
45,0.000000,0.000000,12.000000,0.000000,4.794882,-0.191898,12.000000,-0.080000
45,0.000000,0.000000,12.000000,0.000000,5.990005,-0.299750,12.000000,-0.100000
45,0.000000,0.000000,12.000000,0.000000,7.182732,-0.431482,12.000000,-0.120000
45,0.000000,0.000000,12.000000,0.000000,8.372587,-0.587040,12.000000,-0.140000
45,0.000000,0.000000,12.000000,0.000000,9.559092,-0.766363,12.000000,-0.160000
45,0.000000,0.000000,12.000000,0.000000,10.741774,-0.969378,12.000000,-0.180000
45,0.000000,0.000000,12.000000,0.000000,11.920160,-1.196005,12.000000,-0.200000
45,0.000000,0.000000,12.000000,0.000000,13.093777,-1.446153,12.000000,-0.220000
46,0.000000,0.000000,12.000000,0.000000,0.000000,0.000000,12.000000,0.000000
46,0.000000,0.000000,12.000000,0.000000,1.199955,-0.009000,12.000000,-0.015000
46,0.000000,0.000000,12.000000,0.000000,2.399640,-0.035997,12.000000,-0.030000
46,0.000000,0.000000,12.000000,0.000000,3.598785,-0.080986,12.000000,-0.045000
46,0.000000,0.000000,12.000000,0.000000,4.797121,-0.143957,12.000000,-0.060000
46,0.000000,0.000000,12.000000,0.000000,5.994377,-0.224895,12.000000,-0.075000
46,0.000000,0.000000,12.000000,0.000000,7.190284,-0.323781,12.000000,-0.090000
46,0.000000,0.000000,12.000000,0.000000,8.384574,-0.440595,12.000000,-0.105000
46,0.000000,0.000000,12.000000,0.000000,9.576977,-0.575309,12.000000,-0.120000
46,0.000000,0.000000,12.000000,0.000000,10.767225,-0.727894,12.000000,-0.135000
46,0.000000,0.000000,12.000000,0.000000,11.955051,-0.898314,12.000000,-0.150000
46,0.000000,0.000000,12.000000,0.000000,13.140186,-1.086532,12.000000,-0.165000
47,0.000000,0.000000,12.000000,0.000000,0.000000,0.000000,12.000000,0.000000
47,0.000000,0.000000,12.000000,0.000000,1.199980,-0.006000,12.000000,-0.010000
47,0.000000,0.000000,12.000000,0.000000,2.399840,-0.023999,12.000000,-0.020000
47,0.000000,0.000000,12.000000,0.000000,3.599460,-0.053996,12.000000,-0.030000
47,0.000000,0.000000,12.000000,0.000000,4.798720,-0.095987,12.000000,-0.040000
47,0.000000,0.000000,12.000000,0.000000,5.997500,-0.149969,12.000000,-0.050000
47,0.000000,0.000000,12.000000,0.000000,7.195681,-0.215935,12.000000,-0.060000
47,0.000000,0.000000,12.000000,0.000000,8.393142,-0.293880,12.000000,-0.070000
47,0.000000,0.000000,12.000000,0.000000,9.589763,-0.383795,12.000000,-0.080000
47,0.000000,0.000000,12.000000,0.000000,10.785426,-0.485672,12.000000,-0.090000
47,0.000000,0.000000,12.000000,0.000000,11.980010,-0.599500,12.000000,-0.100000
47,0.000000,0.000000,12.000000,0.000000,13.173396,-0.725268,12.000000,-0.110000
48,0.000000,0.000000,12.000000,0.000000,0.000000,0.000000,12.000000,0.000000
48,0.000000,0.000000,12.000000,0.000000,1.199995,-0.003000,12.000000,-0.005000
48,0.000000,0.000000,12.000000,0.000000,2.399960,-0.012000,12.000000,-0.010000
48,0.000000,0.000000,12.000000,0.000000,3.599865,-0.026999,12.000000,-0.015000
48,0.000000,0.000000,12.000000,0.000000,4.799680,-0.047998,12.000000,-0.020000
48,0.000000,0.000000,12.000000,0.000000,5.999375,-0.074996,12.000000,-0.025000
48,0.000000,0.000000,12.000000,0.000000,7.198920,-0.107992,12.000000,-0.030000
48,0.000000,0.000000,12.000000,0.000000,8.398285,-0.146985,12.000000,-0.035000
48,0.000000,0.000000,12.000000,0.000000,9.597440,-0.191974,12.000000,-0.040000
48,0.000000,0.000000,12.000000,0.000000,10.796355,-0.242959,12.000000,-0.045000
48,0.000000,0.000000,12.000000,0.000000,11.995001,-0.299938,12.000000,-0.050000
48,0.000000,0.000000,12.000000,0.000000,13.193346,-0.362909,12.000000,-0.055000
49,0.000000,0.000000,12.000000,0.000000,0.000000,0.000000,12.000000,0.000000
49,0.000000,0.000000,12.000000,0.000000,1.200000,0.000000,12.000000,0.000000
49,0.000000,0.000000,12.000000,0.000000,2.400000,0.000000,12.000000,0.000000
49,0.000000,0.000000,12.000000,0.000000,3.600000,0.000000,12.000000,0.000000
49,0.000000,0.000000,12.000000,0.000000,4.800000,0.000000,12.000000,0.000000
49,0.000000,0.000000,12.000000,0.000000,6.000000,0.000000,12.000000,0.000000
49,0.000000,0.000000,12.000000,0.000000,7.200000,0.000000,12.000000,0.000000
49,0.000000,0.000000,12.000000,0.000000,8.400000,0.000000,12.000000,0.000000
49,0.000000,0.000000,12.000000,0.000000,9.600000,0.000000,12.000000,0.000000
49,0.000000,0.000000,12.000000,0.000000,10.800000,0.000000,12.000000,0.000000
49,0.000000,0.000000,12.000000,0.000000,12.000000,0.000000,12.000000,0.000000
49,0.000000,0.000000,12.000000,0.000000,13.200000,0.000000,12.000000,0.000000
50,0.000000,0.000000,12.000000,0.000000,0.000000,0.000000,12.000000,0.000000
50,0.000000,0.000000,12.000000,0.000000,1.199995,0.003000,12.000000,0.005000
50,0.000000,0.000000,12.000000,0.000000,2.399960,0.012000,12.000000,0.010000
50,0.000000,0.000000,12.000000,0.000000,3.599865,0.026999,12.000000,0.015000
50,0.000000,0.000000,12.000000,0.000000,4.799680,0.047998,12.000000,0.020000
50,0.000000,0.000000,12.000000,0.000000,5.999375,0.074996,12.000000,0.025000
50,0.000000,0.000000,12.000000,0.000000,7.198920,0.107992,12.000000,0.030000
50,0.000000,0.000000,12.000000,0.000000,8.398285,0.146985,12.000000,0.035000
50,0.000000,0.000000,12.000000,0.000000,9.597440,0.191974,12.000000,0.040000
50,0.000000,0.000000,12.000000,0.000000,10.796355,0.242959,12.000000,0.045000
50,0.000000,0.000000,12.000000,0.000000,11.995001,0.299938,12.000000,0.050000
50,0.000000,0.000000,12.000000,0.000000,13.193346,0.362909,12.000000,0.055000
51,0.000000,0.000000,12.000000,0.000000,0.000000,0.000000,12.000000,0.000000
51,0.000000,0.000000,12.000000,0.000000,1.199980,0.006000,12.000000,0.010000
51,0.000000,0.000000,12.000000,0.000000,2.399840,0.023999,12.000000,0.020000
51,0.000000,0.000000,12.000000,0.000000,3.599460,0.053996,12.000000,0.030000
51,0.000000,0.000000,12.000000,0.000000,4.798720,0.095987,12.000000,0.040000
51,0.000000,0.000000,12.000000,0.000000,5.997500,0.149969,12.000000,0.050000
51,0.000000,0.000000,12.000000,0.000000,7.195681,0.215935,12.000000,0.060000
51,0.000000,0.000000,12.000000,0.000000,8.393142,0.293880,12.000000,0.070000
51,0.000000,0.000000,12.000000,0.000000,9.589763,0.383795,12.000000,0.080000
51,0.000000,0.000000,12.000000,0.000000,10.785426,0.485672,12.000000,0.090000
51,0.000000,0.000000,12.000000,0.000000,11.980010,0.599500,12.000000,0.100000
51,0.000000,0.000000,12.000000,0.000000,13.173396,0.725268,12.000000,0.110000
52,0.000000,0.000000,12.000000,0.000000,0.000000,0.000000,12.000000,0.000000
52,0.000000,0.000000,12.000000,0.000000,1.199955,0.009000,12.000000,0.015000
52,0.000000,0.000000,12.000000,0.000000,2.399640,0.035997,12.000000,0.030000
52,0.000000,0.000000,12.000000,0.000000,3.598785,0.080986,12.000000,0.045000
52,0.000000,0.000000,12.000000,0.000000,4.797121,0.143957,12.000000,0.060000
52,0.000000,0.000000,12.000000,0.000000,5.994377,0.224895,12.000000,0.075000
52,0.000000,0.000000,12.000000,0.000000,7.190284,0.323781,12.000000,0.090000
52,0.000000,0.000000,12.000000,0.000000,8.384574,0.440595,12.000000,0.105000
52,0.000000,0.000000,12.000000,0.000000,9.576977,0.575309,12.000000,0.120000
52,0.000000,0.000000,12.000000,0.000000,10.767225,0.727894,12.000000,0.135000
52,0.000000,0.000000,12.000000,0.000000,11.955051,0.898314,12.000000,0.150000
52,0.000000,0.000000,12.000000,0.000000,13.140186,1.086532,12.000000,0.165000
53,0.000000,0.000000,12.000000,0.000000,0.000000,0.000000,12.000000,0.000000
53,0.000000,0.000000,12.000000,0.000000,1.199920,0.012000,12.000000,0.020000
53,0.000000,0.000000,12.000000,0.000000,2.399360,0.047994,12.000000,0.040000
53,0.000000,0.000000,12.000000,0.000000,3.597840,0.107968,12.000000,0.060000
53,0.000000,0.000000,12.000000,0.000000,4.794882,0.191898,12.000000,0.080000
53,0.000000,0.000000,12.000000,0.000000,5.990005,0.299750,12.000000,0.100000
53,0.000000,0.000000,12.000000,0.000000,7.182732,0.431482,12.000000,0.120000
53,0.000000,0.000000,12.000000,0.000000,8.372587,0.587040,12.000000,0.140000
53,0.000000,0.000000,12.000000,0.000000,9.559092,0.766363,12.000000,0.160000
53,0.000000,0.000000,12.000000,0.000000,10.741774,0.969378,12.000000,0.180000
53,0.000000,0.000000,12.000000,0.000000,11.920160,1.196005,12.000000,0.200000
53,0.000000,0.000000,12.000000,0.000000,13.093777,1.446153,12.000000,0.220000
54,0.000000,0.000000,12.000000,0.000000,0.000000,0.000000,12.000000,0.000000
54,0.000000,0.000000,12.000000,0.000000,1.199875,0.014999,12.000000,0.025000
54,0.000000,0.000000,12.000000,0.000000,2.399000,0.059988,12.000000,0.050000
54,0.000000,0.000000,12.000000,0.000000,3.596626,0.134937,12.000000,0.075000
54,0.000000,0.000000,12.000000,0.000000,4.792004,0.239800,12.000000,0.100000
54,0.000000,0.000000,12.000000,0.000000,5.984387,0.374512,12.000000,0.125000
54,0.000000,0.000000,12.000000,0.000000,7.173030,0.538988,12.000000,0.150000
54,0.000000,0.000000,12.000000,0.000000,8.357191,0.733126,12.000000,0.175000
54,0.000000,0.000000,12.000000,0.000000,9.536128,0.956804,12.000000,0.200000
54,0.000000,0.000000,12.000000,0.000000,10.709105,1.209883,12.000000,0.225000
54,0.000000,0.000000,12.000000,0.000000,11.875390,1.492204,12.000000,0.250000
54,0.000000,0.000000,12.000000,0.000000,13.034253,1.803591,12.000000,0.275000
55,0.000000,0.000000,12.000000,0.000000,0.000000,0.000000,12.000000,0.000000
55,0.000000,0.000000,12.000000,0.000000,1.199820,0.017999,12.000000,0.030000
55,0.000000,0.000000,12.000000,0.000000,2.398560,0.071978,12.000000,0.060000
55,0.000000,0.000000,12.000000,0.000000,3.595142,0.161891,12.000000,0.090000
55,0.000000,0.000000,12.000000,0.000000,4.788488,0.287655,12.000000,0.120000
55,0.000000,0.000000,12.000000,0.000000,5.977525,0.449157,12.000000,0.150000
55,0.000000,0.000000,12.000000,0.000000,7.161183,0.646252,12.000000,0.180000
55,0.000000,0.000000,12.000000,0.000000,8.338396,0.878763,12.000000,0.210000
55,0.000000,0.000000,12.000000,0.000000,9.508105,1.146481,12.000000,0.240000
55,0.000000,0.000000,12.000000,0.000000,10.669257,1.449164,12.000000,0.270000
55,0.000000,0.000000,12.000000,0.000000,11.820808,1.786540,12.000000,0.300000
55,0.000000,0.000000,12.000000,0.000000,12.961721,2.158306,12.000000,0.330000
56,0.000000,0.000000,12.000000,0.000000,0.000000,0.000000,12.000000,0.000000
56,0.000000,0.000000,12.000000,0.000000,1.199755,0.020998,12.000000,0.035000
56,0.000000,0.000000,12.000000,0.000000,2.398040,0.083966,12.000000,0.070000
56,0.000000,0.000000,12.000000,0.000000,3.593389,0.188826,12.000000,0.105000
56,0.000000,0.000000,12.000000,0.000000,4.784335,0.335452,12.000000,0.140000
56,0.000000,0.000000,12.000000,0.000000,5.969422,0.523662,12.000000,0.175000
56,0.000000,0.000000,12.000000,0.000000,7.147197,0.753226,12.000000,0.210000
56,0.000000,0.000000,12.000000,0.000000,8.316217,1.023863,12.000000,0.245000
56,0.000000,0.000000,12.000000,0.000000,9.475051,1.335242,12.000000,0.280000
56,0.000000,0.000000,12.000000,0.000000,10.622279,1.686981,12.000000,0.315000
56,0.000000,0.000000,12.000000,0.000000,11.756496,2.078650,12.000000,0.350000
56,0.000000,0.000000,12.000000,0.000000,12.876313,2.509768,12.000000,0.385000
57,0.000000,0.000000,12.000000,0.000000,0.000000,0.000000,12.000000,0.000000
57,0.000000,0.000000,12.000000,0.000000,1.199680,0.023997,12.000000,0.040000
57,0.000000,0.000000,12.000000,0.000000,2.397441,0.095949,12.000000,0.080000
57,0.000000,0.000000,12.000000,0.000000,3.591366,0.215741,12.000000,0.120000
57,0.000000,0.000000,12.000000,0.000000,4.779546,0.383181,12.000000,0.160000
57,0.000000,0.000000,12.000000,0.000000,5.960080,0.598003,12.000000,0.200000
57,0.000000,0.000000,12.000000,0.000000,7.131079,0.859861,12.000000,0.240000
57,0.000000,0.000000,12.000000,0.000000,8.290669,1.168337,12.000000,0.280000
57,0.000000,0.000000,12.000000,0.000000,9.436997,1.522937,12.000000,0.320000
57,0.000000,0.000000,12.000000,0.000000,10.568227,1.923095,12.000000,0.360000
57,0.000000,0.000000,12.000000,0.000000,11.682550,2.368170,12.000000,0.400000
57,0.000000,0.000000,12.000000,0.000000,12.778184,2.857450,12.000000,0.440000
58,0.000000,0.000000,12.000000,0.000000,0.000000,0.000000,12.000000,0.000000
58,0.000000,0.000000,12.000000,0.000000,1.199595,0.026995,12.000000,0.045000
58,0.000000,0.000000,12.000000,0.000000,2.396761,0.107927,12.000000,0.090000
58,0.000000,0.000000,12.000000,0.000000,3.589075,0.242631,12.000000,0.135000
58,0.000000,0.000000,12.000000,0.000000,4.774122,0.430835,12.000000,0.180000
58,0.000000,0.000000,12.000000,0.000000,5.949503,0.672157,12.000000,0.225000
58,0.000000,0.000000,12.000000,0.000000,7.112838,0.966109,12.000000,0.270000
58,0.000000,0.000000,12.000000,0.000000,8.261773,1.312097,12.000000,0.315000
58,0.000000,0.000000,12.000000,0.000000,9.393980,1.709418,12.000000,0.360000
58,0.000000,0.000000,12.000000,0.000000,10.507167,2.157269,12.000000,0.405000
58,0.000000,0.000000,12.000000,0.000000,11.599081,2.654744,12.000000,0.450000
58,0.000000,0.000000,12.000000,0.000000,12.667511,3.200834,12.000000,0.495000
59,0.000000,0.000000,12.000000,0.000000,0.000000,0.000000,12.000000,0.000000
59,0.000000,0.000000,12.000000,0.000000,1.199500,0.029994,12.000000,0.050000
59,0.000000,0.000000,12.000000,0.000000,2.396002,0.119900,12.000000,0.100000
59,0.000000,0.000000,12.000000,0.000000,3.586515,0.269494,12.000000,0.150000
59,0.000000,0.000000,12.000000,0.000000,4.768064,0.478402,12.000000,0.200000
59,0.000000,0.000000,12.000000,0.000000,5.937695,0.746102,12.000000,0.250000
59,0.000000,0.000000,12.000000,0.000000,7.092485,1.071924,12.000000,0.300000
59,0.000000,0.000000,12.000000,0.000000,8.229547,1.455055,12.000000,0.350000
59,0.000000,0.000000,12.000000,0.000000,9.346040,1.894536,12.000000,0.400000
59,0.000000,0.000000,12.000000,0.000000,10.439173,2.389270,12.000000,0.450000
59,0.000000,0.000000,12.000000,0.000000,11.506213,2.938019,12.000000,0.500000
59,0.000000,0.000000,12.000000,0.000000,12.544494,3.539411,12.000000,0.550000
60,0.000000,0.000000,12.000000,0.000000,0.000000,0.000000,12.000000,0.000000
60,0.000000,0.000000,12.000000,0.000000,1.199395,0.032992,12.000000,0.055000
60,0.000000,0.000000,12.000000,0.000000,2.395163,0.131867,12.000000,0.110000
60,0.000000,0.000000,12.000000,0.000000,3.583687,0.296327,12.000000,0.165000
60,0.000000,0.000000,12.000000,0.000000,4.761374,0.525874,12.000000,0.220000
60,0.000000,0.000000,12.000000,0.000000,5.924660,0.819814,12.000000,0.275000
60,0.000000,0.000000,12.000000,0.000000,7.070030,1.177258,12.000000,0.330000
60,0.000000,0.000000,12.000000,0.000000,8.194018,1.597125,12.000000,0.385000
60,0.000000,0.000000,12.000000,0.000000,9.293225,2.078146,12.000000,0.440000
60,0.000000,0.000000,12.000000,0.000000,10.364327,2.618865,12.000000,0.495000
60,0.000000,0.000000,12.000000,0.000000,11.404085,3.217647,12.000000,0.550000
60,0.000000,0.000000,12.000000,0.000000,12.409354,3.872682,12.000000,0.605000
61,0.000000,0.000000,12.000000,0.000000,0.000000,0.000000,12.000000,0.000000
61,0.000000,0.000000,12.000000,0.000000,1.199280,0.035989,12.000000,0.060000
61,0.000000,0.000000,12.000000,0.000000,2.394244,0.143827,12.000000,0.120000
61,0.000000,0.000000,12.000000,0.000000,3.580591,0.323126,12.000000,0.180000
61,0.000000,0.000000,12.000000,0.000000,4.754053,0.573241,12.000000,0.240000
61,0.000000,0.000000,12.000000,0.000000,5.910404,0.893270,12.000000,0.300000
61,0.000000,0.000000,12.000000,0.000000,7.045485,1.282064,12.000000,0.360000
61,0.000000,0.000000,12.000000,0.000000,8.155209,1.738221,12.000000,0.420000
61,0.000000,0.000000,12.000000,0.000000,9.235584,2.260102,12.000000,0.480000
61,0.000000,0.000000,12.000000,0.000000,10.282720,2.845826,12.000000,0.540000
61,0.000000,0.000000,12.000000,0.000000,11.292850,3.493288,12.000000,0.600000
61,0.000000,0.000000,12.000000,0.000000,12.262337,4.200155,12.000000,0.660000
62,0.000000,0.000000,12.000000,0.000000,0.000000,0.000000,12.000000,0.000000
62,0.000000,0.000000,12.000000,0.000000,1.199155,0.038986,12.000000,0.065000
62,0.000000,0.000000,12.000000,0.000000,2.393246,0.155780,12.000000,0.130000
62,0.000000,0.000000,12.000000,0.000000,3.577228,0.349889,12.000000,0.195000
62,0.000000,0.000000,12.000000,0.000000,4.746103,0.620493,12.000000,0.260000
62,0.000000,0.000000,12.000000,0.000000,5.894931,0.966448,12.000000,0.325000
62,0.000000,0.000000,12.000000,0.000000,7.018863,1.386294,12.000000,0.390000
62,0.000000,0.000000,12.000000,0.000000,8.113150,1.878258,12.000000,0.455000
62,0.000000,0.000000,12.000000,0.000000,9.173172,2.440261,12.000000,0.520000
62,0.000000,0.000000,12.000000,0.000000,10.194450,3.069931,12.000000,0.585000
62,0.000000,0.000000,12.000000,0.000000,11.172672,3.764607,12.000000,0.650000
62,0.000000,0.000000,12.000000,0.000000,12.103706,4.521356,12.000000,0.715000
63,0.000000,0.000000,12.000000,0.000000,0.000000,0.000000,12.000000,0.000000
63,0.000000,0.000000,12.000000,0.000000,1.199020,0.041983,12.000000,0.070000
63,0.000000,0.000000,12.000000,0.000000,2.392168,0.167726,12.000000,0.140000
63,0.000000,0.000000,12.000000,0.000000,3.573598,0.376613,12.000000,0.210000
63,0.000000,0.000000,12.000000,0.000000,4.737525,0.667621,12.000000,0.280000
63,0.000000,0.000000,12.000000,0.000000,5.878248,1.039325,12.000000,0.350000
63,0.000000,0.000000,12.000000,0.000000,6.990179,1.489904,12.000000,0.420000
63,0.000000,0.000000,12.000000,0.000000,8.067872,2.017151,12.000000,0.490000
63,0.000000,0.000000,12.000000,0.000000,9.106049,2.618484,12.000000,0.560000
63,0.000000,0.000000,12.000000,0.000000,10.099625,3.290957,12.000000,0.630000
63,0.000000,0.000000,12.000000,0.000000,11.043732,4.031277,12.000000,0.700000
63,0.000000,0.000000,12.000000,0.000000,11.933747,4.835817,12.000000,0.770000
64,0.000000,0.000000,12.000000,0.000000,0.000000,0.000000,12.000000,0.000000
64,0.000000,0.000000,12.000000,0.000000,1.198875,0.044979,12.000000,0.075000
64,0.000000,0.000000,12.000000,0.000000,2.391010,0.179663,12.000000,0.150000
64,0.000000,0.000000,12.000000,0.000000,3.569702,0.403294,12.000000,0.225000
64,0.000000,0.000000,12.000000,0.000000,4.728323,0.714616,12.000000,0.300000
64,0.000000,0.000000,12.000000,0.000000,5.860361,1.111878,12.000000,0.375000
64,0.000000,0.000000,12.000000,0.000000,6.959449,1.592846,12.000000,0.450000
64,0.000000,0.000000,12.000000,0.000000,8.019408,2.154817,12.000000,0.525000
64,0.000000,0.000000,12.000000,0.000000,9.034280,2.794630,12.000000,0.600000
64,0.000000,0.000000,12.000000,0.000000,9.998357,3.508689,12.000000,0.675000
64,0.000000,0.000000,12.000000,0.000000,10.906220,4.292978,12.000000,0.750000
64,0.000000,0.000000,12.000000,0.000000,11.752765,5.143089,12.000000,0.825000
65,0.000000,0.000000,12.000000,0.000000,0.000000,0.000000,12.000000,0.000000
65,0.000000,0.000000,12.000000,0.000000,1.198720,0.047974,12.000000,0.080000
65,0.000000,0.000000,12.000000,0.000000,2.389773,0.191591,12.000000,0.160000
65,0.000000,0.000000,12.000000,0.000000,3.565539,0.429930,12.000000,0.240000
65,0.000000,0.000000,12.000000,0.000000,4.718498,0.761469,12.000000,0.320000
65,0.000000,0.000000,12.000000,0.000000,5.841275,1.184085,12.000000,0.400000
65,0.000000,0.000000,12.000000,0.000000,6.926688,1.695076,12.000000,0.480000
65,0.000000,0.000000,12.000000,0.000000,7.967793,2.291173,12.000000,0.560000
65,0.000000,0.000000,12.000000,0.000000,8.957932,2.968564,12.000000,0.640000
65,0.000000,0.000000,12.000000,0.000000,9.890770,3.722914,12.000000,0.720000
65,0.000000,0.000000,12.000000,0.000000,10.760342,4.549399,12.000000,0.800000
65,0.000000,0.000000,12.000000,0.000000,11.561083,5.442733,12.000000,0.880000
66,0.000000,0.000000,12.000000,0.000000,0.000000,0.000000,12.000000,0.000000
66,0.000000,0.000000,12.000000,0.000000,1.198556,0.050969,12.000000,0.085000
66,0.000000,0.000000,12.000000,0.000000,2.388457,0.203509,12.000000,0.170000
66,0.000000,0.000000,12.000000,0.000000,3.561112,0.456518,12.000000,0.255000
66,0.000000,0.000000,12.000000,0.000000,4.708053,0.808169,12.000000,0.340000
66,0.000000,0.000000,12.000000,0.000000,5.820999,1.255924,12.000000,0.425000
66,0.000000,0.000000,12.000000,0.000000,6.891914,1.796548,12.000000,0.510000
66,0.000000,0.000000,12.000000,0.000000,7.913065,2.426139,12.000000,0.595000
66,0.000000,0.000000,12.000000,0.000000,8.877078,3.140150,12.000000,0.680000
66,0.000000,0.000000,12.000000,0.000000,9.776993,3.933426,12.000000,0.765000
66,0.000000,0.000000,12.000000,0.000000,10.606312,4.800238,12.000000,0.850000
66,0.000000,0.000000,12.000000,0.000000,11.359046,5.734328,12.000000,0.935000
67,0.000000,0.000000,12.000000,0.000000,0.000000,0.000000,12.000000,0.000000
67,0.000000,0.000000,12.000000,0.000000,1.198381,0.053964,12.000000,0.090000
67,0.000000,0.000000,12.000000,0.000000,2.387061,0.215417,12.000000,0.180000
67,0.000000,0.000000,12.000000,0.000000,3.556419,0.483055,12.000000,0.270000
67,0.000000,0.000000,12.000000,0.000000,4.696990,0.854709,12.000000,0.360000
67,0.000000,0.000000,12.000000,0.000000,5.799541,1.327372,12.000000,0.450000
67,0.000000,0.000000,12.000000,0.000000,6.855147,1.897218,12.000000,0.540000
67,0.000000,0.000000,12.000000,0.000000,7.855264,2.559633,12.000000,0.630000
67,0.000000,0.000000,12.000000,0.000000,8.791796,3.309257,12.000000,0.720000
67,0.000000,0.000000,12.000000,0.000000,9.657163,4.140021,12.000000,0.810000
67,0.000000,0.000000,12.000000,0.000000,10.444359,5.045201,12.000000,0.900000
67,0.000000,0.000000,12.000000,0.000000,11.147013,6.017469,12.000000,0.990000
68,0.000000,0.000000,12.000000,0.000000,0.000000,0.000000,12.000000,0.000000
68,0.000000,0.000000,12.000000,0.000000,1.198196,0.056957,12.000000,0.095000
68,0.000000,0.000000,12.000000,0.000000,2.385586,0.227315,12.000000,0.190000
68,0.000000,0.000000,12.000000,0.000000,3.551463,0.509537,12.000000,0.285000
68,0.000000,0.000000,12.000000,0.000000,4.685311,0.901078,12.000000,0.380000
68,0.000000,0.000000,12.000000,0.000000,5.776907,1.398408,12.000000,0.475000
68,0.000000,0.000000,12.000000,0.000000,6.816405,1.997040,12.000000,0.570000
68,0.000000,0.000000,12.000000,0.000000,7.794431,2.691578,12.000000,0.665000
68,0.000000,0.000000,12.000000,0.000000,8.702166,3.475756,12.000000,0.760000
68,0.000000,0.000000,12.000000,0.000000,9.531422,4.342503,12.000000,0.855000
68,0.000000,0.000000,12.000000,0.000000,10.274722,5.284003,12.000000,0.950000
68,0.000000,0.000000,12.000000,0.000000,10.925363,6.291765,12.000000,1.045000
69,0.000000,0.000000,12.000000,0.000000,0.000000,0.000000,12.000000,0.000000
69,0.000000,0.000000,12.000000,0.000000,1.198001,0.059950,12.000000,0.100000
69,0.000000,0.000000,12.000000,0.000000,2.384032,0.239201,12.000000,0.200000
69,0.000000,0.000000,12.000000,0.000000,3.546243,0.535962,12.000000,0.300000
69,0.000000,0.000000,12.000000,0.000000,4.673020,0.947268,12.000000,0.400000
69,0.000000,0.000000,12.000000,0.000000,5.753107,1.469009,12.000000,0.500000
69,0.000000,0.000000,12.000000,0.000000,6.775710,2.095973,12.000000,0.600000
69,0.000000,0.000000,12.000000,0.000000,7.730613,2.821894,12.000000,0.700000
69,0.000000,0.000000,12.000000,0.000000,8.608273,3.639520,12.000000,0.800000
69,0.000000,0.000000,12.000000,0.000000,9.399923,4.540681,12.000000,0.900000
69,0.000000,0.000000,12.000000,0.000000,10.097652,5.516373,12.000000,1.000000
69,0.000000,0.000000,12.000000,0.000000,10.694489,6.556847,12.000000,1.100000
70,0.000000,0.000000,12.000000,0.000000,0.000000,0.000000,12.000000,0.000000
70,0.000000,0.000000,12.000000,0.000000,1.197796,0.062942,12.000000,0.105000
70,0.000000,0.000000,12.000000,0.000000,2.382399,0.251075,12.000000,0.210000
70,0.000000,0.000000,12.000000,0.000000,3.540760,0.562327,12.000000,0.315000
70,0.000000,0.000000,12.000000,0.000000,4.660120,0.993269,12.000000,0.420000
70,0.000000,0.000000,12.000000,0.000000,5.728149,1.539155,12.000000,0.525000
70,0.000000,0.000000,12.000000,0.000000,6.733083,2.193971,12.000000,0.630000
70,0.000000,0.000000,12.000000,0.000000,7.663854,2.950506,12.000000,0.735000
70,0.000000,0.000000,12.000000,0.000000,8.510207,3.800425,12.000000,0.840000
70,0.000000,0.000000,12.000000,0.000000,9.262822,4.734367,12.000000,0.945000
70,0.000000,0.000000,12.000000,0.000000,9.913409,5.742045,12.000000,1.050000
70,0.000000,0.000000,12.000000,0.000000,10.454800,6.812360,12.000000,1.155000
71,0.000000,0.000000,12.000000,0.000000,0.000000,0.000000,12.000000,0.000000
71,0.000000,0.000000,12.000000,0.000000,1.197582,0.065933,12.000000,0.110000
71,0.000000,0.000000,12.000000,0.000000,2.380687,0.262937,12.000000,0.220000
71,0.000000,0.000000,12.000000,0.000000,3.535015,0.588629,12.000000,0.330000
71,0.000000,0.000000,12.000000,0.000000,4.646613,1.039073,12.000000,0.440000
71,0.000000,0.000000,12.000000,0.000000,5.702043,1.608823,12.000000,0.550000
71,0.000000,0.000000,12.000000,0.000000,6.688548,2.290994,12.000000,0.660000
71,0.000000,0.000000,12.000000,0.000000,7.594203,3.077338,12.000000,0.770000
71,0.000000,0.000000,12.000000,0.000000,8.408061,3.958351,12.000000,0.880000
71,0.000000,0.000000,12.000000,0.000000,9.120284,4.923384,12.000000,0.990000
71,0.000000,0.000000,12.000000,0.000000,9.722263,5.960770,12.000000,1.100000
71,0.000000,0.000000,12.000000,0.000000,10.206721,7.057971,12.000000,1.210000
72,0.000000,0.000000,12.000000,0.000000,0.000000,0.000000,12.000000,0.000000
72,0.000000,0.000000,12.000000,0.000000,1.197357,0.068924,12.000000,0.115000
72,0.000000,0.000000,12.000000,0.000000,2.378896,0.274785,12.000000,0.230000
72,0.000000,0.000000,12.000000,0.000000,3.529009,0.614865,12.000000,0.345000
72,0.000000,0.000000,12.000000,0.000000,4.632502,1.084670,12.000000,0.460000
72,0.000000,0.000000,12.000000,0.000000,5.674798,1.677993,12.000000,0.575000
72,0.000000,0.000000,12.000000,0.000000,6.642128,2.386998,12.000000,0.690000
72,0.000000,0.000000,12.000000,0.000000,7.521712,3.202318,12.000000,0.805000
72,0.000000,0.000000,12.000000,0.000000,8.301930,4.113181,12.000000,0.920000
72,0.000000,0.000000,12.000000,0.000000,8.972477,5.107556,12.000000,1.035000
72,0.000000,0.000000,12.000000,0.000000,9.524494,6.172305,12.000000,1.150000
72,0.000000,0.000000,12.000000,0.000000,9.950688,7.293364,12.000000,1.265000
73,0.000000,0.000000,12.000000,0.000000,0.000000,0.000000,12.000000,0.000000
73,0.000000,0.000000,12.000000,0.000000,1.197122,0.071914,12.000000,0.120000
73,0.000000,0.000000,12.000000,0.000000,2.377026,0.286620,12.000000,0.240000
73,0.000000,0.000000,12.000000,0.000000,3.522743,0.641032,12.000000,0.360000
73,0.000000,0.000000,12.000000,0.000000,4.617792,1.130051,12.000000,0.480000
73,0.000000,0.000000,12.000000,0.000000,5.646425,1.746644,12.000000,0.600000
73,0.000000,0.000000,12.000000,0.000000,6.593847,2.481943,12.000000,0.720000
73,0.000000,0.000000,12.000000,0.000000,7.446432,3.325372,12.000000,0.840000
73,0.000000,0.000000,12.000000,0.000000,8.191916,4.264800,12.000000,0.960000
73,0.000000,0.000000,12.000000,0.000000,8.819579,5.286717,12.000000,1.080000
73,0.000000,0.000000,12.000000,0.000000,9.320392,6.376423,12.000000,1.200000
73,0.000000,0.000000,12.000000,0.000000,9.687152,7.518246,12.000000,1.320000
74,0.000000,0.000000,12.000000,0.000000,0.000000,0.000000,12.000000,0.000000
74,0.000000,0.000000,12.000000,0.000000,1.196878,0.074902,12.000000,0.125000
74,0.000000,0.000000,12.000000,0.000000,2.375078,0.298441,12.000000,0.250000
74,0.000000,0.000000,12.000000,0.000000,3.516217,0.667127,12.000000,0.375000
74,0.000000,0.000000,12.000000,0.000000,4.602486,1.175208,12.000000,0.500000
74,0.000000,0.000000,12.000000,0.000000,5.616934,1.814754,12.000000,0.625000
74,0.000000,0.000000,12.000000,0.000000,6.543733,2.575787,12.000000,0.750000
74,0.000000,0.000000,12.000000,0.000000,7.368418,3.446430,12.000000,0.875000
74,0.000000,0.000000,12.000000,0.000000,8.078122,4.413098,12.000000,1.000000
74,0.000000,0.000000,12.000000,0.000000,8.661770,5.460706,12.000000,1.125000
74,0.000000,0.000000,12.000000,0.000000,9.110253,6.572906,12.000000,1.250000
74,0.000000,0.000000,12.000000,0.000000,9.416574,7.732343,12.000000,1.375000
75,0.000000,0.000000,12.000000,0.000000,0.000000,0.000000,12.000000,0.000000
75,0.000000,0.000000,12.000000,0.000000,1.196623,0.077890,12.000000,0.130000
75,0.000000,0.000000,12.000000,0.000000,2.373051,0.310246,12.000000,0.260000
75,0.000000,0.000000,12.000000,0.000000,3.509432,0.693147,12.000000,0.390000
75,0.000000,0.000000,12.000000,0.000000,4.586586,1.220131,12.000000,0.520000
75,0.000000,0.000000,12.000000,0.000000,5.586337,1.882304,12.000000,0.650000
75,0.000000,0.000000,12.000000,0.000000,6.491811,2.668491,12.000000,0.780000
75,0.000000,0.000000,12.000000,0.000000,7.287728,3.565424,12.000000,0.910000
75,0.000000,0.000000,12.000000,0.000000,7.960655,4.557967,12.000000,1.040000
75,0.000000,0.000000,12.000000,0.000000,8.499237,5.629370,12.000000,1.170000
75,0.000000,0.000000,12.000000,0.000000,8.894384,6.761550,12.000000,1.300000
75,0.000000,0.000000,12.000000,0.000000,9.139428,7.935401,12.000000,1.430000
76,0.000000,0.000000,12.000000,0.000000,0.000000,0.000000,12.000000,0.000000
76,0.000000,0.000000,12.000000,0.000000,1.196358,0.080877,12.000000,0.135000
76,0.000000,0.000000,12.000000,0.000000,2.370946,0.322037,12.000000,0.270000
76,0.000000,0.000000,12.000000,0.000000,3.502389,0.719090,12.000000,0.405000
76,0.000000,0.000000,12.000000,0.000000,4.570098,1.264812,12.000000,0.540000
76,0.000000,0.000000,12.000000,0.000000,5.554643,1.949272,12.000000,0.675000
76,0.000000,0.000000,12.000000,0.000000,6.438109,2.760014,12.000000,0.810000
76,0.000000,0.000000,12.000000,0.000000,7.204418,3.682286,12.000000,0.945000
76,0.000000,0.000000,12.000000,0.000000,7.839626,4.699304,12.000000,1.080000
76,0.000000,0.000000,12.000000,0.000000,8.332173,5.792561,12.000000,1.215000
76,0.000000,0.000000,12.000000,0.000000,8.673098,6.942164,12.000000,1.350000
76,0.000000,0.000000,12.000000,0.000000,8.856194,8.127191,12.000000,1.485000
77,0.000000,0.000000,12.000000,0.000000,0.000000,0.000000,12.000000,0.000000
77,0.000000,0.000000,12.000000,0.000000,1.196084,0.083863,12.000000,0.140000
77,0.000000,0.000000,12.000000,0.000000,2.368763,0.333811,12.000000,0.280000
77,0.000000,0.000000,12.000000,0.000000,3.495090,0.744952,12.000000,0.420000
77,0.000000,0.000000,12.000000,0.000000,4.553025,1.309242,12.000000,0.560000
77,0.000000,0.000000,12.000000,0.000000,5.521867,2.015639,12.000000,0.700000
77,0.000000,0.000000,12.000000,0.000000,6.382656,2.850319,12.000000,0.840000
77,0.000000,0.000000,12.000000,0.000000,7.118550,3.796950,12.000000,0.980000
77,0.000000,0.000000,12.000000,0.000000,7.715148,4.837008,12.000000,1.120000
77,0.000000,0.000000,12.000000,0.000000,8.160775,5.950142,12.000000,1.260000
77,0.000000,0.000000,12.000000,0.000000,8.446713,7.114568,12.000000,1.400000
77,0.000000,0.000000,12.000000,0.000000,8.567365,8.307503,12.000000,1.540000
78,0.000000,0.000000,12.000000,0.000000,0.000000,0.000000,12.000000,0.000000
78,0.000000,0.000000,12.000000,0.000000,1.195800,0.086848,12.000000,0.145000
78,0.000000,0.000000,12.000000,0.000000,2.366502,0.345568,12.000000,0.290000
78,0.000000,0.000000,12.000000,0.000000,3.487535,0.770731,12.000000,0.435000
78,0.000000,0.000000,12.000000,0.000000,4.535371,1.353413,12.000000,0.580000
78,0.000000,0.000000,12.000000,0.000000,5.488018,2.081384,12.000000,0.725000
78,0.000000,0.000000,12.000000,0.000000,6.325482,2.939367,12.000000,0.870000
78,0.000000,0.000000,12.000000,0.000000,7.030185,3.909353,12.000000,1.015000
78,0.000000,0.000000,12.000000,0.000000,7.587337,4.970984,12.000000,1.160000
78,0.000000,0.000000,12.000000,0.000000,7.985245,6.101978,12.000000,1.305000
78,0.000000,0.000000,12.000000,0.000000,8.215557,7.278599,12.000000,1.450000
78,0.000000,0.000000,12.000000,0.000000,8.273439,8.476150,12.000000,1.595000
79,0.000000,0.000000,12.000000,0.000000,0.000000,0.000000,12.000000,0.000000
79,0.000000,0.000000,12.000000,0.000000,1.195505,0.089831,12.000000,0.150000
79,0.000000,0.000000,12.000000,0.000000,2.364162,0.357308,12.000000,0.300000
79,0.000000,0.000000,12.000000,0.000000,3.479725,0.796423,12.000000,0.450000
79,0.000000,0.000000,12.000000,0.000000,4.517141,1.397315,12.000000,0.600000
79,0.000000,0.000000,12.000000,0.000000,5.453111,2.146489,12.000000,0.750000
79,0.000000,0.000000,12.000000,0.000000,6.266616,3.027121,12.000000,0.900000
79,0.000000,0.000000,12.000000,0.000000,6.939387,4.019432,12.000000,1.050000
79,0.000000,0.000000,12.000000,0.000000,7.456314,5.101139,12.000000,1.200000
79,0.000000,0.000000,12.000000,0.000000,7.805788,6.247948,12.000000,1.350000
79,0.000000,0.000000,12.000000,0.000000,7.979961,7.434104,12.000000,1.500000
79,0.000000,0.000000,12.000000,0.000000,7.974922,8.632969,12.000000,1.650000
80,0.000000,0.000000,12.000000,0.000000,0.000000,0.000000,12.000000,0.000000
80,0.000000,0.000000,12.000000,0.000000,1.195201,0.092814,12.000000,0.155000
80,0.000000,0.000000,12.000000,0.000000,2.361745,0.369031,12.000000,0.310000
80,0.000000,0.000000,12.000000,0.000000,3.471661,0.822027,12.000000,0.465000
80,0.000000,0.000000,12.000000,0.000000,4.498338,1.440941,12.000000,0.620000
80,0.000000,0.000000,12.000000,0.000000,5.417158,2.210934,12.000000,0.775000
80,0.000000,0.000000,12.000000,0.000000,6.206091,3.113544,12.000000,0.930000
80,0.000000,0.000000,12.000000,0.000000,6.846221,4.127128,12.000000,1.085000
80,0.000000,0.000000,12.000000,0.000000,7.322200,5.227385,12.000000,1.240000
80,0.000000,0.000000,12.000000,0.000000,7.622615,6.387932,12.000000,1.395000
80,0.000000,0.000000,12.000000,0.000000,7.740263,7.580945,12.000000,1.550000
80,0.000000,0.000000,12.000000,0.000000,7.672323,8.777817,12.000000,1.705000
81,0.000000,0.000000,12.000000,0.000000,0.000000,0.000000,12.000000,0.000000
81,0.000000,0.000000,12.000000,0.000000,1.194887,0.095795,12.000000,0.160000
81,0.000000,0.000000,12.000000,0.000000,2.359250,0.380734,12.000000,0.320000
81,0.000000,0.000000,12.000000,0.000000,3.463345,0.847538,12.000000,0.480000
81,0.000000,0.000000,12.000000,0.000000,4.478967,1.484282,12.000000,0.640000
81,0.000000,0.000000,12.000000,0.000000,5.380172,2.274700,12.000000,0.800000
81,0.000000,0.000000,12.000000,0.000000,6.143938,3.198601,12.000000,0.960000
81,0.000000,0.000000,12.000000,0.000000,6.750755,4.232383,12.000000,1.120000
81,0.000000,0.000000,12.000000,0.000000,7.185121,5.349637,12.000000,1.280000
81,0.000000,0.000000,12.000000,0.000000,7.435939,6.521824,12.000000,1.440000
81,0.000000,0.000000,12.000000,0.000000,7.496804,7.718998,12.000000,1.600000
81,0.000000,0.000000,12.000000,0.000000,7.366159,8.910578,12.000000,1.760000
82,0.000000,0.000000,12.000000,0.000000,0.000000,0.000000,12.000000,0.000000
82,0.000000,0.000000,12.000000,0.000000,1.194563,0.098776,12.000000,0.165000
82,0.000000,0.000000,12.000000,0.000000,2.356677,0.392419,12.000000,0.330000
82,0.000000,0.000000,12.000000,0.000000,3.454777,0.872955,12.000000,0.495000
82,0.000000,0.000000,12.000000,0.000000,4.459033,1.527330,12.000000,0.660000
82,0.000000,0.000000,12.000000,0.000000,5.342167,2.337768,12.000000,0.825000
82,0.000000,0.000000,12.000000,0.000000,6.080191,3.282256,12.000000,0.990000
82,0.000000,0.000000,12.000000,0.000000,6.653056,4.335139,12.000000,1.155000
82,0.000000,0.000000,12.000000,0.000000,7.045203,5.467816,12.000000,1.320000
82,0.000000,0.000000,12.000000,0.000000,7.245978,6.649521,12.000000,1.485000
82,0.000000,0.000000,12.000000,0.000000,7.249929,7.848154,12.000000,1.650000
82,0.000000,0.000000,12.000000,0.000000,7.056949,9.031157,12.000000,1.815000
83,0.000000,0.000000,12.000000,0.000000,0.000000,0.000000,12.000000,0.000000
83,0.000000,0.000000,12.000000,0.000000,1.194229,0.101755,12.000000,0.170000
83,0.000000,0.000000,12.000000,0.000000,2.354027,0.404085,12.000000,0.340000
83,0.000000,0.000000,12.000000,0.000000,3.445958,0.898274,12.000000,0.510000
83,0.000000,0.000000,12.000000,0.000000,4.438540,1.570075,12.000000,0.680000
83,0.000000,0.000000,12.000000,0.000000,5.303157,2.400120,12.000000,0.850000
83,0.000000,0.000000,12.000000,0.000000,6.014882,3.364477,12.000000,1.020000
83,0.000000,0.000000,12.000000,0.000000,6.553195,4.435343,12.000000,1.190000
83,0.000000,0.000000,12.000000,0.000000,6.902576,5.581846,12.000000,1.360000
83,0.000000,0.000000,12.000000,0.000000,7.052952,6.770931,12.000000,1.530000
83,0.000000,0.000000,12.000000,0.000000,6.999989,7.968316,12.000000,1.700000
83,0.000000,0.000000,12.000000,0.000000,6.745213,9.139480,12.000000,1.870000
84,0.000000,0.000000,12.000000,0.000000,0.000000,0.000000,12.000000,0.000000
84,0.000000,0.000000,12.000000,0.000000,1.193885,0.104732,12.000000,0.175000
84,0.000000,0.000000,12.000000,0.000000,2.351300,0.415730,12.000000,0.350000
84,0.000000,0.000000,12.000000,0.000000,3.436890,0.923493,12.000000,0.525000
84,0.000000,0.000000,12.000000,0.000000,4.417494,1.612511,12.000000,0.700000
84,0.000000,0.000000,12.000000,0.000000,5.263157,2.461737,12.000000,0.875000
84,0.000000,0.000000,12.000000,0.000000,5.948047,3.445228,12.000000,1.050000
84,0.000000,0.000000,12.000000,0.000000,6.451242,4.532943,12.000000,1.225000
84,0.000000,0.000000,12.000000,0.000000,6.757372,5.691656,12.000000,1.400000
84,0.000000,0.000000,12.000000,0.000000,6.857085,6.885970,12.000000,1.575000
84,0.000000,0.000000,12.000000,0.000000,6.747334,8.079404,12.000000,1.750000
84,0.000000,0.000000,12.000000,0.000000,6.431474,9.235502,12.000000,1.925000
85,0.000000,0.000000,12.000000,0.000000,0.000000,0.000000,12.000000,0.000000
85,0.000000,0.000000,12.000000,0.000000,1.193531,0.107709,12.000000,0.180000
85,0.000000,0.000000,12.000000,0.000000,2.348496,0.427355,12.000000,0.360000
85,0.000000,0.000000,12.000000,0.000000,3.427575,0.948609,12.000000,0.540000
85,0.000000,0.000000,12.000000,0.000000,4.395899,1.654629,12.000000,0.720000
85,0.000000,0.000000,12.000000,0.000000,5.222181,2.522601,12.000000,0.900000
85,0.000000,0.000000,12.000000,0.000000,5.879721,3.524479,12.000000,1.080000
85,0.000000,0.000000,12.000000,0.000000,6.347271,4.627889,12.000000,1.260000
85,0.000000,0.000000,12.000000,0.000000,6.609725,5.797177,12.000000,1.440000
85,0.000000,0.000000,12.000000,0.000000,6.658601,6.994561,12.000000,1.620000
85,0.000000,0.000000,12.000000,0.000000,6.492320,8.181350,12.000000,1.800000
85,0.000000,0.000000,12.000000,0.000000,6.116255,9.319196,12.000000,1.980000
86,0.000000,0.000000,12.000000,0.000000,0.000000,0.000000,12.000000,0.000000
86,0.000000,0.000000,12.000000,0.000000,1.193167,0.110684,12.000000,0.185000
86,0.000000,0.000000,12.000000,0.000000,2.345615,0.438958,12.000000,0.370000
86,0.000000,0.000000,12.000000,0.000000,3.418012,0.973619,12.000000,0.555000
86,0.000000,0.000000,12.000000,0.000000,4.373761,1.696421,12.000000,0.740000
86,0.000000,0.000000,12.000000,0.000000,5.180245,2.582696,12.000000,0.925000
86,0.000000,0.000000,12.000000,0.000000,5.809940,3.602197,12.000000,1.110000
86,0.000000,0.000000,12.000000,0.000000,6.241356,4.720132,12.000000,1.295000
86,0.000000,0.000000,12.000000,0.000000,6.459770,5.898349,12.000000,1.480000
86,0.000000,0.000000,12.000000,0.000000,6.457729,7.096637,12.000000,1.665000
86,0.000000,0.000000,12.000000,0.000000,6.235301,8.274102,12.000000,1.850000
86,0.000000,0.000000,12.000000,0.000000,5.800078,9.390561,12.000000,2.035000
87,0.000000,0.000000,12.000000,0.000000,0.000000,0.000000,12.000000,0.000000
87,0.000000,0.000000,12.000000,0.000000,1.192794,0.113658,12.000000,0.190000
87,0.000000,0.000000,12.000000,0.000000,2.342657,0.450539,12.000000,0.380000
87,0.000000,0.000000,12.000000,0.000000,3.408204,0.998521,12.000000,0.570000
87,0.000000,0.000000,12.000000,0.000000,4.351085,1.737879,12.000000,0.760000
87,0.000000,0.000000,12.000000,0.000000,5.137363,2.642003,12.000000,0.950000
87,0.000000,0.000000,12.000000,0.000000,5.738740,3.678352,12.000000,1.140000
87,0.000000,0.000000,12.000000,0.000000,6.133571,4.809627,12.000000,1.330000
87,0.000000,0.000000,12.000000,0.000000,6.307646,5.995111,12.000000,1.520000
87,0.000000,0.000000,12.000000,0.000000,6.254698,7.192137,12.000000,1.710000
87,0.000000,0.000000,12.000000,0.000000,5.976635,8.357622,12.000000,1.900000
87,0.000000,0.000000,12.000000,0.000000,5.483463,9.449618,12.000000,2.090000
88,0.000000,0.000000,12.000000,0.000000,0.000000,0.000000,12.000000,0.000000
88,0.000000,0.000000,12.000000,0.000000,1.192410,0.116630,12.000000,0.195000
88,0.000000,0.000000,12.000000,0.000000,2.339622,0.462098,12.000000,0.390000
88,0.000000,0.000000,12.000000,0.000000,3.398152,1.023311,12.000000,0.585000
88,0.000000,0.000000,12.000000,0.000000,4.327876,1.778995,12.000000,0.780000
88,0.000000,0.000000,12.000000,0.000000,5.093553,2.700506,12.000000,0.975000
88,0.000000,0.000000,12.000000,0.000000,5.666160,3.752915,12.000000,1.170000
88,0.000000,0.000000,12.000000,0.000000,6.023994,4.896330,12.000000,1.365000
88,0.000000,0.000000,12.000000,0.000000,6.153491,6.087412,12.000000,1.560000
88,0.000000,0.000000,12.000000,0.000000,6.049741,7.281011,12.000000,1.755000
88,0.000000,0.000000,12.000000,0.000000,5.716678,8.431886,12.000000,1.950000
88,0.000000,0.000000,12.000000,0.000000,5.166926,9.496413,12.000000,2.145000
89,0.000000,0.000000,12.000000,0.000000,0.000000,0.000000,12.000000,0.000000
89,0.000000,0.000000,12.000000,0.000000,1.192017,0.119601,12.000000,0.200000
89,0.000000,0.000000,12.000000,0.000000,2.336511,0.473634,12.000000,0.400000
89,0.000000,0.000000,12.000000,0.000000,3.387857,1.047987,12.000000,0.600000
89,0.000000,0.000000,12.000000,0.000000,4.304139,1.819761,12.000000,0.800000
89,0.000000,0.000000,12.000000,0.000000,5.048829,2.758188,12.000000,1.000000
89,0.000000,0.000000,12.000000,0.000000,5.592238,3.825856,12.000000,1.200000
89,0.000000,0.000000,12.000000,0.000000,5.912702,4.980200,12.000000,1.400000
89,0.000000,0.000000,12.000000,0.000000,5.997445,6.175201,12.000000,1.600000
89,0.000000,0.000000,12.000000,0.000000,5.843089,7.363217,12.000000,1.800000
89,0.000000,0.000000,12.000000,0.000000,5.455788,8.496886,12.000000,2.000000
89,0.000000,0.000000,12.000000,0.000000,4.850981,9.531012,12.000000,2.200000
90,0.000000,0.000000,12.000000,0.000000,0.000000,0.000000,12.000000,0.000000
90,0.000000,0.000000,12.000000,0.000000,1.191613,0.122570,12.000000,0.205000
90,0.000000,0.000000,12.000000,0.000000,2.333324,0.485147,12.000000,0.410000
90,0.000000,0.000000,12.000000,0.000000,3.377320,1.072546,12.000000,0.615000
90,0.000000,0.000000,12.000000,0.000000,4.279881,1.860170,12.000000,0.820000
90,0.000000,0.000000,12.000000,0.000000,5.003208,2.815033,12.000000,1.025000
90,0.000000,0.000000,12.000000,0.000000,5.517011,3.897147,12.000000,1.230000
90,0.000000,0.000000,12.000000,0.000000,5.799772,5.061197,12.000000,1.435000
90,0.000000,0.000000,12.000000,0.000000,5.839651,6.258434,12.000000,1.640000
90,0.000000,0.000000,12.000000,0.000000,5.634976,7.438719,12.000000,1.845000
90,0.000000,0.000000,12.000000,0.000000,5.194319,8.552626,12.000000,2.050000
90,0.000000,0.000000,12.000000,0.000000,4.536135,9.553505,12.000000,2.255000
91,0.000000,0.000000,12.000000,0.000000,0.000000,0.000000,12.000000,0.000000
91,0.000000,0.000000,12.000000,0.000000,1.191200,0.125538,12.000000,0.210000
91,0.000000,0.000000,12.000000,0.000000,2.330061,0.496635,12.000000,0.420000
91,0.000000,0.000000,12.000000,0.000000,3.366544,1.096986,12.000000,0.630000
91,0.000000,0.000000,12.000000,0.000000,4.255106,1.900214,12.000000,0.840000
91,0.000000,0.000000,12.000000,0.000000,4.956707,2.871025,12.000000,1.050000
91,0.000000,0.000000,12.000000,0.000000,5.440520,3.966763,12.000000,1.260000
91,0.000000,0.000000,12.000000,0.000000,5.685286,5.139285,12.000000,1.470000
91,0.000000,0.000000,12.000000,0.000000,5.680251,6.337071,12.000000,1.680000
91,0.000000,0.000000,12.000000,0.000000,5.425636,7.507494,12.000000,1.890000
91,0.000000,0.000000,12.000000,0.000000,4.932628,8.599126,12.000000,2.100000
91,0.000000,0.000000,12.000000,0.000000,4.222890,9.564004,12.000000,2.310000
92,0.000000,0.000000,12.000000,0.000000,0.000000,0.000000,12.000000,0.000000
92,0.000000,0.000000,12.000000,0.000000,1.190777,0.128504,12.000000,0.215000
92,0.000000,0.000000,12.000000,0.000000,2.326722,0.508099,12.000000,0.430000
92,0.000000,0.000000,12.000000,0.000000,3.355529,1.121304,12.000000,0.645000
92,0.000000,0.000000,12.000000,0.000000,4.229822,1.939885,12.000000,0.860000
92,0.000000,0.000000,12.000000,0.000000,4.909344,2.926148,12.000000,1.075000
92,0.000000,0.000000,12.000000,0.000000,5.362804,4.034677,12.000000,1.290000
92,0.000000,0.000000,12.000000,0.000000,5.569322,5.214429,12.000000,1.505000
92,0.000000,0.000000,12.000000,0.000000,5.519389,6.411078,12.000000,1.720000
92,0.000000,0.000000,12.000000,0.000000,5.215303,7.569524,12.000000,1.935000
92,0.000000,0.000000,12.000000,0.000000,4.671066,8.636421,12.000000,2.150000
92,0.000000,0.000000,12.000000,0.000000,3.911741,9.562644,12.000000,2.365000
93,0.000000,0.000000,12.000000,0.000000,0.000000,0.000000,12.000000,0.000000
93,0.000000,0.000000,12.000000,0.000000,1.190344,0.131469,12.000000,0.220000
93,0.000000,0.000000,12.000000,0.000000,2.323308,0.519537,12.000000,0.440000
93,0.000000,0.000000,12.000000,0.000000,3.344276,1.145498,12.000000,0.660000
93,0.000000,0.000000,12.000000,0.000000,4.204034,1.979177,12.000000,0.880000
93,0.000000,0.000000,12.000000,0.000000,4.861135,2.980387,12.000000,1.100000
93,0.000000,0.000000,12.000000,0.000000,5.283905,4.100865,12.000000,1.320000
93,0.000000,0.000000,12.000000,0.000000,5.451964,5.286596,12.000000,1.540000
93,0.000000,0.000000,12.000000,0.000000,5.357210,6.480424,12.000000,1.760000
93,0.000000,0.000000,12.000000,0.000000,5.004211,7.624800,12.000000,1.980000
93,0.000000,0.000000,12.000000,0.000000,4.409984,8.664559,12.000000,2.200000
93,0.000000,0.000000,12.000000,0.000000,3.603173,9.549578,12.000000,2.420000
94,0.000000,0.000000,12.000000,0.000000,0.000000,0.000000,12.000000,0.000000
94,0.000000,0.000000,12.000000,0.000000,1.189902,0.134432,12.000000,0.225000
94,0.000000,0.000000,12.000000,0.000000,2.319818,0.530949,12.000000,0.450000
94,0.000000,0.000000,12.000000,0.000000,3.332789,1.169564,12.000000,0.675000
94,0.000000,0.000000,12.000000,0.000000,4.177747,2.018082,12.000000,0.900000
94,0.000000,0.000000,12.000000,0.000000,4.812098,3.033728,12.000000,1.125000
94,0.000000,0.000000,12.000000,0.000000,5.203863,4.165301,12.000000,1.350000
94,0.000000,0.000000,12.000000,0.000000,5.333291,5.355758,12.000000,1.575000
94,0.000000,0.000000,12.000000,0.000000,5.193859,6.545084,12.000000,1.800000
94,0.000000,0.000000,12.000000,0.000000,4.792595,7.673323,12.000000,2.025000
94,0.000000,0.000000,12.000000,0.000000,4.149727,8.683600,12.000000,2.250000
94,0.000000,0.000000,12.000000,0.000000,3.297665,9.524985,12.000000,2.475000
95,0.000000,0.000000,12.000000,0.000000,0.000000,0.000000,12.000000,0.000000
95,0.000000,0.000000,12.000000,0.000000,1.189449,0.137393,12.000000,0.230000
95,0.000000,0.000000,12.000000,0.000000,2.316253,0.542335,12.000000,0.460000
95,0.000000,0.000000,12.000000,0.000000,3.321067,1.193500,12.000000,0.690000
95,0.000000,0.000000,12.000000,0.000000,4.150969,2.056592,12.000000,0.920000
95,0.000000,0.000000,12.000000,0.000000,4.762251,3.086155,12.000000,1.150000
95,0.000000,0.000000,12.000000,0.000000,5.122719,4.227965,12.000000,1.380000
95,0.000000,0.000000,12.000000,0.000000,5.213388,5.421885,12.000000,1.610000
95,0.000000,0.000000,12.000000,0.000000,5.029481,6.605035,12.000000,1.840000
95,0.000000,0.000000,12.000000,0.000000,4.580687,7.715103,12.000000,2.070000
95,0.000000,0.000000,12.000000,0.000000,3.890640,8.693622,12.000000,2.300000
95,0.000000,0.000000,12.000000,0.000000,2.995684,9.489059,12.000000,2.530000
96,0.000000,0.000000,12.000000,0.000000,0.000000,0.000000,12.000000,0.000000
96,0.000000,0.000000,12.000000,0.000000,1.188987,0.140352,12.000000,0.235000
96,0.000000,0.000000,12.000000,0.000000,2.312613,0.553694,12.000000,0.470000
96,0.000000,0.000000,12.000000,0.000000,3.309112,1.217304,12.000000,0.705000
96,0.000000,0.000000,12.000000,0.000000,4.123705,2.094702,12.000000,0.940000
96,0.000000,0.000000,12.000000,0.000000,4.711613,3.137656,12.000000,1.175000
96,0.000000,0.000000,12.000000,0.000000,5.040517,4.288834,12.000000,1.410000
96,0.000000,0.000000,12.000000,0.000000,5.092336,5.484954,12.000000,1.645000
96,0.000000,0.000000,12.000000,0.000000,4.864224,6.660263,12.000000,1.880000
96,0.000000,0.000000,12.000000,0.000000,4.368719,7.750154,12.000000,2.115000
96,0.000000,0.000000,12.000000,0.000000,3.633059,8.694714,12.000000,2.350000
96,0.000000,0.000000,12.000000,0.000000,2.697686,9.442019,12.000000,2.585000
97,0.000000,0.000000,12.000000,0.000000,0.000000,0.000000,12.000000,0.000000
97,0.000000,0.000000,12.000000,0.000000,1.188515,0.143310,12.000000,0.240000
97,0.000000,0.000000,12.000000,0.000000,2.308899,0.565026,12.000000,0.480000
97,0.000000,0.000000,12.000000,0.000000,3.296927,1.240973,12.000000,0.720000
97,0.000000,0.000000,12.000000,0.000000,4.095963,2.132403,12.000000,0.960000
97,0.000000,0.000000,12.000000,0.000000,4.660201,3.188215,12.000000,1.200000
97,0.000000,0.000000,12.000000,0.000000,4.957297,4.347886,12.000000,1.440000
97,0.000000,0.000000,12.000000,0.000000,4.970222,5.544940,12.000000,1.680000
97,0.000000,0.000000,12.000000,0.000000,4.698233,6.710756,12.000000,1.920000
97,0.000000,0.000000,12.000000,0.000000,4.156922,7.778505,12.000000,2.160000
97,0.000000,0.000000,12.000000,0.000000,3.377320,8.686979,12.000000,2.400000
97,0.000000,0.000000,12.000000,0.000000,2.404116,9.384100,12.000000,2.640000
98,0.000000,0.000000,12.000000,0.000000,0.000000,0.000000,12.000000,0.000000
98,0.000000,0.000000,12.000000,0.000000,1.188032,0.146266,12.000000,0.245000
98,0.000000,0.000000,12.000000,0.000000,2.305109,0.576330,12.000000,0.490000
98,0.000000,0.000000,12.000000,0.000000,3.284513,1.264504,12.000000,0.735000
98,0.000000,0.000000,12.000000,0.000000,4.067747,2.169688,12.000000,0.980000
98,0.000000,0.000000,12.000000,0.000000,4.608034,3.237820,12.000000,1.225000
98,0.000000,0.000000,12.000000,0.000000,4.873105,4.405104,12.000000,1.470000
98,0.000000,0.000000,12.000000,0.000000,4.847128,5.601825,12.000000,1.715000
98,0.000000,0.000000,12.000000,0.000000,4.531654,6.756507,12.000000,1.960000
98,0.000000,0.000000,12.000000,0.000000,3.945526,7.800187,12.000000,2.205000
98,0.000000,0.000000,12.000000,0.000000,3.123749,8.670531,12.000000,2.450000
98,0.000000,0.000000,12.000000,0.000000,2.115406,9.315558,12.000000,2.695000
