0,0.000000,0.000000,12.000000,0.000000,0.000000,0.000000,12.000000,0.000000
0,0.000000,0.000000,12.000000,0.000000,1.188032,-0.146266,12.000000,-0.245000
0,0.000000,0.000000,12.000000,0.000000,2.305109,-0.576330,12.000000,-0.490000
0,0.000000,0.000000,12.000000,0.000000,3.284513,-1.264504,12.000000,-0.735000
0,0.000000,0.000000,12.000000,0.000000,4.067747,-2.169688,12.000000,-0.980000
0,0.000000,0.000000,12.000000,0.000000,4.608034,-3.237820,12.000000,-1.225000
0,0.000000,0.000000,12.000000,0.000000,4.873105,-4.405104,12.000000,-1.470000
0,0.000000,0.000000,12.000000,0.000000,4.847128,-5.601825,12.000000,-1.715000
0,0.000000,0.000000,12.000000,0.000000,4.531654,-6.756507,12.000000,-1.960000
0,0.000000,0.000000,12.000000,0.000000,3.945526,-7.800187,12.000000,-2.205000
0,0.000000,0.000000,12.000000,0.000000,3.123749,-8.670531,12.000000,-2.450000
0,0.000000,0.000000,12.000000,0.000000,2.115406,-9.315558,12.000000,-2.695000
1,0.000000,0.000000,12.000000,0.000000,0.000000,0.000000,12.000000,0.000000
1,0.000000,0.000000,12.000000,0.000000,1.189196,-0.139021,12.000000,-0.232750
1,0.000000,0.000000,12.000000,0.000000,2.314261,-0.548586,12.000000,-0.465500
1,0.000000,0.000000,12.000000,0.000000,3.314521,-1.206609,12.000000,-0.698250
1,0.000000,0.000000,12.000000,0.000000,4.136034,-2.077603,12.000000,-0.931000
1,0.000000,0.000000,12.000000,0.000000,4.734497,-3.114596,12.000000,-1.163750
1,0.000000,0.000000,12.000000,0.000000,5.077636,-4.261666,12.000000,-1.396500
1,0.000000,0.000000,12.000000,0.000000,5.146946,-5.456953,12.000000,-1.629250
1,0.000000,0.000000,12.000000,0.000000,4.938689,-6.635996,12.000000,-1.862000
1,0.000000,0.000000,12.000000,0.000000,4.464097,-7.735212,12.000000,-2.094750
1,0.000000,0.000000,12.000000,0.000000,3.748762,-8.695322,12.000000,-2.327500
1,0.000000,0.000000,12.000000,0.000000,2.831263,-9.464548,12.000000,-2.560250
2,0.000000,0.000000,12.000000,0.000000,0.000000,0.000000,12.000000,0.000000
2,0.000000,0.000000,12.000000,0.000000,1.190301,-0.131765,12.000000,-0.220500
2,0.000000,0.000000,12.000000,0.000000,2.322962,-0.520679,12.000000,-0.441000
2,0.000000,0.000000,12.000000,0.000000,3.343138,-1.147910,12.000000,-0.661500
2,0.000000,0.000000,12.000000,0.000000,4.201427,-1.983085,12.000000,-0.882000
2,0.000000,0.000000,12.000000,0.000000,4.856268,-2.985762,12.000000,-1.102500
2,0.000000,0.000000,12.000000,0.000000,5.275951,-4.107387,12.000000,-1.323000
2,0.000000,0.000000,12.000000,0.000000,5.440154,-5.293648,12.000000,-1.543500
2,0.000000,0.000000,12.000000,0.000000,5.340925,-6.487102,12.000000,-1.764000
2,0.000000,0.000000,12.000000,0.000000,4.983069,-7.629956,12.000000,-1.984500
2,0.000000,0.000000,12.000000,0.000000,4.383915,-8.666871,12.000000,-2.205000
2,0.000000,0.000000,12.000000,0.000000,3.572477,-9.547635,12.000000,-2.425500
3,0.000000,0.000000,12.000000,0.000000,0.000000,0.000000,12.000000,0.000000
3,0.000000,0.000000,12.000000,0.000000,1.191346,-0.124499,12.000000,-0.208250
3,0.000000,0.000000,12.000000,0.000000,2.331212,-0.492617,12.000000,-0.416500
3,0.000000,0.000000,12.000000,0.000000,3.370343,-1.088446,12.000000,-0.624750
3,0.000000,0.000000,12.000000,0.000000,4.263836,-1.886240,12.000000,-0.833000
3,0.000000,0.000000,12.000000,0.000000,4.973082,-2.851525,12.000000,-1.041250
3,0.000000,0.000000,12.000000,0.000000,5.467433,-3.942590,12.000000,-1.249500
3,0.000000,0.000000,12.000000,0.000000,5.725528,-5.112287,12.000000,-1.457750
3,0.000000,0.000000,12.000000,0.000000,5.736214,-6.310073,12.000000,-1.666000
3,0.000000,0.000000,12.000000,0.000000,5.499030,-7.484189,12.000000,-1.874250
3,0.000000,0.000000,12.000000,0.000000,5.024223,-8.583900,12.000000,-2.082500
3,0.000000,0.000000,12.000000,0.000000,4.332313,-9.561686,12.000000,-2.290750
4,0.000000,0.000000,12.000000,0.000000,0.000000,0.000000,12.000000,0.000000
4,0.000000,0.000000,12.000000,0.000000,1.192332,-0.117224,12.000000,-0.196000
4,0.000000,0.000000,12.000000,0.000000,2.339006,-0.464407,12.000000,-0.392000
4,0.000000,0.000000,12.000000,0.000000,3.396112,-1.028255,12.000000,-0.588000
4,0.000000,0.000000,12.000000,0.000000,4.323170,-1.787176,12.000000,-0.784000
4,0.000000,0.000000,12.000000,0.000000,5.084680,-2.712108,12.000000,-0.980000
4,0.000000,0.000000,12.000000,0.000000,5.651482,-3.767633,12.000000,-1.176000
4,0.000000,0.000000,12.000000,0.000000,6.001870,-4.913332,12.000000,-1.372000
4,0.000000,0.000000,12.000000,0.000000,6.122428,-6.105332,12.000000,-1.568000
4,0.000000,0.000000,12.000000,0.000000,6.008539,-7.297987,12.000000,-1.764000
4,0.000000,0.000000,12.000000,0.000000,5.664563,-8.445627,12.000000,-1.960000
4,0.000000,0.000000,12.000000,0.000000,5.103674,-9.504306,12.000000,-2.156000
5,0.000000,0.000000,12.000000,0.000000,0.000000,0.000000,12.000000,0.000000
5,0.000000,0.000000,12.000000,0.000000,1.193259,-0.109940,12.000000,-0.183750
5,0.000000,0.000000,12.000000,0.000000,2.346342,-0.436059,12.000000,-0.367500
5,0.000000,0.000000,12.000000,0.000000,3.420426,-0.967377,12.000000,-0.551250
5,0.000000,0.000000,12.000000,0.000000,4.379346,-1.686004,12.000000,-0.735000
5,0.000000,0.000000,12.000000,0.000000,5.190818,-2.567745,12.000000,-0.918750
5,0.000000,0.000000,12.000000,0.000000,5.827519,-3.582913,12.000000,-1.102500
5,0.000000,0.000000,12.000000,0.000000,6.268013,-4.697327,12.000000,-1.286250
5,0.000000,0.000000,12.000000,0.000000,6.497468,-5.873467,12.000000,-1.470000
5,0.000000,0.000000,12.000000,0.000000,6.508158,-7.071732,12.000000,-1.653750
5,0.000000,0.000000,12.000000,0.000000,6.299724,-8.251779,12.000000,-1.837500
5,0.000000,0.000000,12.000000,0.000000,5.879184,-9.373875,12.000000,-2.021250
6,0.000000,0.000000,12.000000,0.000000,0.000000,0.000000,12.000000,0.000000
6,0.000000,0.000000,12.000000,0.000000,1.194127,-0.102648,12.000000,-0.171500
6,0.000000,0.000000,12.000000,0.000000,2.353217,-0.407581,12.000000,-0.343000
6,0.000000,0.000000,12.000000,0.000000,3.443264,-0.905851,12.000000,-0.514500
6,0.000000,0.000000,12.000000,0.000000,4.432284,-1.582839,12.000000,-0.686000
6,0.000000,0.000000,12.000000,0.000000,5.291261,-2.418683,12.000000,-0.857500
6,0.000000,0.000000,12.000000,0.000000,5.994990,-3.388858,12.000000,-1.029000
6,0.000000,0.000000,12.000000,0.000000,6.522825,-4.464899,12.000000,-1.200500
6,0.000000,0.000000,12.000000,0.000000,6.859279,-5.615235,12.000000,-1.372000
6,0.000000,0.000000,12.000000,0.000000,6.994480,-6.806116,12.000000,-1.543500
6,0.000000,0.000000,12.000000,0.000000,6.924461,-8.002599,12.000000,-1.715000
6,0.000000,0.000000,12.000000,0.000000,6.651278,-9.169580,12.000000,-1.886500
7,0.000000,0.000000,12.000000,0.000000,0.000000,0.000000,12.000000,0.000000
7,0.000000,0.000000,12.000000,0.000000,1.194935,-0.095348,12.000000,-0.159250
7,0.000000,0.000000,12.000000,0.000000,2.359629,-0.378980,12.000000,-0.318500
7,0.000000,0.000000,12.000000,0.000000,3.464608,-0.843718,12.000000,-0.477750
7,0.000000,0.000000,12.000000,0.000000,4.481908,-1.477800,12.000000,-0.637000
7,0.000000,0.000000,12.000000,0.000000,5.385785,-2.265179,12.000000,-0.796250
7,0.000000,0.000000,12.000000,0.000000,6.153364,-3.185931,12.000000,-0.955500
7,0.000000,0.000000,12.000000,0.000000,6.765219,-4.216752,12.000000,-1.114750
7,0.000000,0.000000,12.000000,0.000000,7.205867,-5.331557,12.000000,-1.274000
7,0.000000,0.000000,12.000000,0.000000,7.464155,-6.502132,12.000000,-1.433250
7,0.000000,0.000000,12.000000,0.000000,7.533549,-7.698855,12.000000,-1.592500
7,0.000000,0.000000,12.000000,0.000000,7.412291,-8.891439,12.000000,-1.751750
8,0.000000,0.000000,12.000000,0.000000,0.000000,0.000000,12.000000,0.000000
8,0.000000,0.000000,12.000000,0.000000,1.195683,-0.088041,12.000000,-0.147000
8,0.000000,0.000000,12.000000,0.000000,2.365575,-0.350266,12.000000,-0.294000
8,0.000000,0.000000,12.000000,0.000000,3.484441,-0.781018,12.000000,-0.441000
8,0.000000,0.000000,12.000000,0.000000,4.528148,-1.371006,12.000000,-0.588000
8,0.000000,0.000000,12.000000,0.000000,5.474182,-2.107504,12.000000,-0.735000
8,0.000000,0.000000,12.000000,0.000000,6.302137,-2.974626,12.000000,-0.882000
8,0.000000,0.000000,12.000000,0.000000,6.994154,-3.953667,12.000000,-1.029000
8,0.000000,0.000000,12.000000,0.000000,7.535307,-5.023509,12.000000,-1.176000
8,0.000000,0.000000,12.000000,0.000000,7.913922,-6.161077,12.000000,-1.323000
8,0.000000,0.000000,12.000000,0.000000,8.121833,-7.341832,12.000000,-1.470000
8,0.000000,0.000000,12.000000,0.000000,8.154555,-8.540305,12.000000,-1.617000
9,0.000000,0.000000,12.000000,0.000000,0.000000,0.000000,12.000000,0.000000
9,0.000000,0.000000,12.000000,0.000000,1.196372,-0.080728,12.000000,-0.134750
9,0.000000,0.000000,12.000000,0.000000,2.371053,-0.321447,12.000000,-0.269500
9,0.000000,0.000000,12.000000,0.000000,3.502748,-0.717795,12.000000,-0.404250
9,0.000000,0.000000,12.000000,0.000000,4.570937,-1.262584,12.000000,-0.539000
9,0.000000,0.000000,12.000000,0.000000,5.556254,-1.945937,12.000000,-0.673750
9,0.000000,0.000000,12.000000,0.000000,6.440836,-2.755467,12.000000,-0.808500
9,0.000000,0.000000,12.000000,0.000000,7.208645,-3.676495,12.000000,-0.943250
9,0.000000,0.000000,12.000000,0.000000,7.845760,-4.692323,12.000000,-1.078000
9,0.000000,0.000000,12.000000,0.000000,8.340631,-5.784534,12.000000,-1.212750
9,0.000000,0.000000,12.000000,0.000000,8.684286,-6.933326,12.000000,-1.347500
9,0.000000,0.000000,12.000000,0.000000,8.870493,-8.117873,12.000000,-1.482250
10,0.000000,0.000000,12.000000,0.000000,0.000000,0.000000,12.000000,0.000000
10,0.000000,0.000000,12.000000,0.000000,1.197001,-0.073408,12.000000,-0.122500
10,0.000000,0.000000,12.000000,0.000000,2.376062,-0.292532,12.000000,-0.245000
10,0.000000,0.000000,12.000000,0.000000,3.519512,-0.654089,12.000000,-0.367500
10,0.000000,0.000000,12.000000,0.000000,4.610213,-1.152658,12.000000,-0.490000
10,0.000000,0.000000,12.000000,0.000000,5.631819,-1.780768,12.000000,-0.612500
10,0.000000,0.000000,12.000000,0.000000,6.569018,-2.529005,12.000000,-0.735000
10,0.000000,0.000000,12.000000,0.000000,7.407763,-3.386155,12.000000,-0.857500
10,0.000000,0.000000,12.000000,0.000000,8.135485,-4.339371,12.000000,-0.980000
10,0.000000,0.000000,12.000000,0.000000,8.741276,-5.374368,12.000000,-1.102500
10,0.000000,0.000000,12.000000,0.000000,9.216058,-6.475632,12.000000,-1.225000
10,0.000000,0.000000,12.000000,0.000000,9.552714,-7.626659,12.000000,-1.347500
11,0.000000,0.000000,12.000000,0.000000,0.000000,0.000000,12.000000,0.000000
11,0.000000,0.000000,12.000000,0.000000,1.197571,-0.066083,12.000000,-0.110250
11,0.000000,0.000000,12.000000,0.000000,2.380599,-0.263530,12.000000,-0.220500
11,0.000000,0.000000,12.000000,0.000000,3.534721,-0.589942,12.000000,-0.330750
11,0.000000,0.000000,12.000000,0.000000,4.645921,-1.041358,12.000000,-0.441000
11,0.000000,0.000000,12.000000,0.000000,5.700708,-1.612294,12.000000,-0.551250
11,0.000000,0.000000,12.000000,0.000000,6.686271,-2.295819,12.000000,-0.661500
11,0.000000,0.000000,12.000000,0.000000,7.590645,-3.083632,12.000000,-0.771750
11,0.000000,0.000000,12.000000,0.000000,8.402848,-3.966167,12.000000,-0.882000
11,0.000000,0.000000,12.000000,0.000000,9.113017,-4.932709,12.000000,-0.992250
11,0.000000,0.000000,12.000000,0.000000,9.712529,-5.971519,12.000000,-1.102500
11,0.000000,0.000000,12.000000,0.000000,10.194104,-7.069985,12.000000,-1.212750
12,0.000000,0.000000,12.000000,0.000000,0.000000,0.000000,12.000000,0.000000
12,0.000000,0.000000,12.000000,0.000000,1.198080,-0.058753,12.000000,-0.098000
12,0.000000,0.000000,12.000000,0.000000,2.384663,-0.234448,12.000000,-0.196000
12,0.000000,0.000000,12.000000,0.000000,3.548362,-0.525399,12.000000,-0.294000
12,0.000000,0.000000,12.000000,0.000000,4.678010,-0.928814,12.000000,-0.392000
12,0.000000,0.000000,12.000000,0.000000,5.762766,-1.440822,12.000000,-0.490000
12,0.000000,0.000000,12.000000,0.000000,6.792221,-2.056509,12.000000,-0.588000
12,0.000000,0.000000,12.000000,0.000000,7.756496,-2.769968,12.000000,-0.686000
12,0.000000,0.000000,12.000000,0.000000,8.646336,-3.574350,12.000000,-0.784000
12,0.000000,0.000000,12.000000,0.000000,9.453204,-4.461938,12.000000,-0.882000
12,0.000000,0.000000,12.000000,0.000000,10.169356,-5.424214,12.000000,-0.980000
12,0.000000,0.000000,12.000000,0.000000,10.787919,-6.451943,12.000000,-1.078000
13,0.000000,0.000000,12.000000,0.000000,0.000000,0.000000,12.000000,0.000000
13,0.000000,0.000000,12.000000,0.000000,1.198530,-0.051418,12.000000,-0.085750
13,0.000000,0.000000,12.000000,0.000000,2.388252,-0.205296,12.000000,-0.171500
13,0.000000,0.000000,12.000000,0.000000,3.560425,-0.460502,12.000000,-0.257250
13,0.000000,0.000000,12.000000,0.000000,4.706433,-0.815161,12.000000,-0.343000
13,0.000000,0.000000,12.000000,0.000000,5.817856,-1.266666,12.000000,-0.428750
13,0.000000,0.000000,12.000000,0.000000,6.886526,-1.811701,12.000000,-0.514500
13,0.000000,0.000000,12.000000,0.000000,7.904590,-2.446259,12.000000,-0.600250
13,0.000000,0.000000,12.000000,0.000000,8.864566,-3.165677,12.000000,-0.686000
13,0.000000,0.000000,12.000000,0.000000,9.759401,-3.964669,12.000000,-0.771750
13,0.000000,0.000000,12.000000,0.000000,10.582518,-4.837364,12.000000,-0.857500
13,0.000000,0.000000,12.000000,0.000000,11.327869,-5.777348,12.000000,-0.943250
14,0.000000,0.000000,12.000000,0.000000,0.000000,0.000000,12.000000,0.000000
14,0.000000,0.000000,12.000000,0.000000,1.198920,-0.044080,12.000000,-0.073500
14,0.000000,0.000000,12.000000,0.000000,2.391366,-0.176083,12.000000,-0.147000
14,0.000000,0.000000,12.000000,0.000000,3.570899,-0.395294,12.000000,-0.220500
14,0.000000,0.000000,12.000000,0.000000,4.731149,-0.700532,12.000000,-0.294000
14,0.000000,0.000000,12.000000,0.000000,5.865853,-1.090147,12.000000,-0.367500
14,0.000000,0.000000,12.000000,0.000000,6.968882,-1.562036,12.000000,-0.441000
14,0.000000,0.000000,12.000000,0.000000,8.034280,-2.113651,12.000000,-0.514500
14,0.000000,0.000000,12.000000,0.000000,9.056294,-2.742012,12.000000,-0.588000
14,0.000000,0.000000,12.000000,0.000000,10.029407,-3.443728,12.000000,-0.661500
14,0.000000,0.000000,12.000000,0.000000,10.948362,-4.215008,12.000000,-0.735000
14,0.000000,0.000000,12.000000,0.000000,11.808198,-5.051688,12.000000,-0.808500
15,0.000000,0.000000,12.000000,0.000000,0.000000,0.000000,12.000000,0.000000
15,0.000000,0.000000,12.000000,0.000000,1.199250,-0.036739,12.000000,-0.061250
15,0.000000,0.000000,12.000000,0.000000,2.394002,-0.146816,12.000000,-0.122500
15,0.000000,0.000000,12.000000,0.000000,3.579776,-0.329820,12.000000,-0.183750
15,0.000000,0.000000,12.000000,0.000000,4.752124,-0.585065,12.000000,-0.245000
15,0.000000,0.000000,12.000000,0.000000,5.906650,-0.911592,12.000000,-0.306250
15,0.000000,0.000000,12.000000,0.000000,7.039023,-1.308177,12.000000,-0.367500
15,0.000000,0.000000,12.000000,0.000000,8.144998,-1.773333,12.000000,-0.428750
15,0.000000,0.000000,12.000000,0.000000,9.220426,-2.305315,12.000000,-0.490000
15,0.000000,0.000000,12.000000,0.000000,10.261273,-2.902129,12.000000,-0.551250
15,0.000000,0.000000,12.000000,0.000000,11.263637,-3.561536,12.000000,-0.612500
15,0.000000,0.000000,12.000000,0.000000,12.223757,-4.281062,12.000000,-0.673750
16,0.000000,0.000000,12.000000,0.000000,0.000000,0.000000,12.000000,0.000000
16,0.000000,0.000000,12.000000,0.000000,1.199520,-0.029394,12.000000,-0.049000
16,0.000000,0.000000,12.000000,0.000000,2.396160,-0.117506,12.000000,-0.098000
16,0.000000,0.000000,12.000000,0.000000,3.587049,-0.264124,12.000000,-0.147000
16,0.000000,0.000000,12.000000,0.000000,4.769326,-0.468896,12.000000,-0.196000
16,0.000000,0.000000,12.000000,0.000000,5.940155,-0.731331,12.000000,-0.245000
16,0.000000,0.000000,12.000000,0.000000,7.096724,-1.050798,12.000000,-0.294000
16,0.000000,0.000000,12.000000,0.000000,8.236258,-1.426532,12.000000,-0.343000
16,0.000000,0.000000,12.000000,0.000000,9.356020,-1.857629,12.000000,-0.392000
16,0.000000,0.000000,12.000000,0.000000,10.453323,-2.343055,12.000000,-0.441000
16,0.000000,0.000000,12.000000,0.000000,11.525532,-2.881644,12.000000,-0.490000
16,0.000000,0.000000,12.000000,0.000000,12.570074,-3.472105,12.000000,-0.539000
17,0.000000,0.000000,12.000000,0.000000,0.000000,0.000000,12.000000,0.000000
17,0.000000,0.000000,12.000000,0.000000,1.199730,-0.022048,12.000000,-0.036750
17,0.000000,0.000000,12.000000,0.000000,2.397840,-0.088160,12.000000,-0.073500
17,0.000000,0.000000,12.000000,0.000000,3.592711,-0.198249,12.000000,-0.110250
17,0.000000,0.000000,12.000000,0.000000,4.782731,-0.352165,12.000000,-0.147000
17,0.000000,0.000000,12.000000,0.000000,5.966293,-0.549701,12.000000,-0.183750
17,0.000000,0.000000,12.000000,0.000000,7.141797,-0.790589,12.000000,-0.220500
17,0.000000,0.000000,12.000000,0.000000,8.307657,-1.074505,12.000000,-0.257250
17,0.000000,0.000000,12.000000,0.000000,9.462299,-1.401064,12.000000,-0.294000
17,0.000000,0.000000,12.000000,0.000000,10.604162,-1.769827,12.000000,-0.330750
17,0.000000,0.000000,12.000000,0.000000,11.731706,-2.180295,12.000000,-0.367500
17,0.000000,0.000000,12.000000,0.000000,12.843406,-2.631913,12.000000,-0.404250
18,0.000000,0.000000,12.000000,0.000000,0.000000,0.000000,12.000000,0.000000
18,0.000000,0.000000,12.000000,0.000000,1.199880,-0.014699,12.000000,-0.024500
18,0.000000,0.000000,12.000000,0.000000,2.399040,-0.058788,12.000000,-0.049000
18,0.000000,0.000000,12.000000,0.000000,3.596760,-0.132240,12.000000,-0.073500
18,0.000000,0.000000,12.000000,0.000000,4.792320,-0.235012,12.000000,-0.098000
18,0.000000,0.000000,12.000000,0.000000,5.985005,-0.367041,12.000000,-0.122500
18,0.000000,0.000000,12.000000,0.000000,7.174097,-0.528248,12.000000,-0.147000
18,0.000000,0.000000,12.000000,0.000000,8.358883,-0.718536,12.000000,-0.171500
18,0.000000,0.000000,12.000000,0.000000,9.538652,-0.937792,12.000000,-0.196000
18,0.000000,0.000000,12.000000,0.000000,10.712696,-1.185883,12.000000,-0.220500
18,0.000000,0.000000,12.000000,0.000000,11.880310,-1.462662,12.000000,-0.245000
18,0.000000,0.000000,12.000000,0.000000,13.040793,-1.767960,12.000000,-0.269500
19,0.000000,0.000000,12.000000,0.000000,0.000000,0.000000,12.000000,0.000000
19,0.000000,0.000000,12.000000,0.000000,1.199970,-0.007350,12.000000,-0.012250
19,0.000000,0.000000,12.000000,0.000000,2.399760,-0.029399,12.000000,-0.024500
19,0.000000,0.000000,12.000000,0.000000,3.599190,-0.066143,12.000000,-0.036750
19,0.000000,0.000000,12.000000,0.000000,4.798079,-0.117576,12.000000,-0.049000
19,0.000000,0.000000,12.000000,0.000000,5.996249,-0.183693,12.000000,-0.061250
19,0.000000,0.000000,12.000000,0.000000,7.193519,-0.264481,12.000000,-0.073500
19,0.000000,0.000000,12.000000,0.000000,8.389709,-0.359929,12.000000,-0.085750
19,0.000000,0.000000,12.000000,0.000000,9.584641,-0.470024,12.000000,-0.098000
19,0.000000,0.000000,12.000000,0.000000,10.778134,-0.594747,12.000000,-0.110250
19,0.000000,0.000000,12.000000,0.000000,11.970010,-0.734081,12.000000,-0.122500
19,0.000000,0.000000,12.000000,0.000000,13.160090,-0.888005,12.000000,-0.134750
20,0.000000,0.000000,12.000000,0.000000,0.000000,0.000000,12.000000,0.000000
20,0.000000,0.000000,12.000000,0.000000,1.200000,0.000000,12.000000,0.000000
20,0.000000,0.000000,12.000000,0.000000,2.400000,0.000000,12.000000,0.000000
20,0.000000,0.000000,12.000000,0.000000,3.600000,0.000000,12.000000,0.000000
20,0.000000,0.000000,12.000000,0.000000,4.800000,0.000000,12.000000,0.000000
20,0.000000,0.000000,12.000000,0.000000,6.000000,0.000000,12.000000,0.000000
20,0.000000,0.000000,12.000000,0.000000,7.200000,0.000000,12.000000,0.000000
20,0.000000,0.000000,12.000000,0.000000,8.400000,0.000000,12.000000,0.000000
20,0.000000,0.000000,12.000000,0.000000,9.600000,0.000000,12.000000,0.000000
20,0.000000,0.000000,12.000000,0.000000,10.800000,0.000000,12.000000,0.000000
20,0.000000,0.000000,12.000000,0.000000,12.000000,0.000000,12.000000,0.000000
20,0.000000,0.000000,12.000000,0.000000,13.200000,0.000000,12.000000,0.000000
21,0.000000,0.000000,12.000000,0.000000,0.000000,0.000000,12.000000,0.000000
21,0.000000,0.000000,12.000000,0.000000,1.199970,0.007350,12.000000,0.012250
21,0.000000,0.000000,12.000000,0.000000,2.399760,0.029399,12.000000,0.024500
21,0.000000,0.000000,12.000000,0.000000,3.599190,0.066143,12.000000,0.036750
21,0.000000,0.000000,12.000000,0.000000,4.798079,0.117576,12.000000,0.049000
21,0.000000,0.000000,12.000000,0.000000,5.996249,0.183693,12.000000,0.061250
21,0.000000,0.000000,12.000000,0.000000,7.193519,0.264481,12.000000,0.073500
21,0.000000,0.000000,12.000000,0.000000,8.389709,0.359929,12.000000,0.085750
21,0.000000,0.000000,12.000000,0.000000,9.584641,0.470024,12.000000,0.098000
21,0.000000,0.000000,12.000000,0.000000,10.778134,0.594747,12.000000,0.110250
21,0.000000,0.000000,12.000000,0.000000,11.970010,0.734081,12.000000,0.122500
21,0.000000,0.000000,12.000000,0.000000,13.160090,0.888005,12.000000,0.134750
22,0.000000,0.000000,12.000000,0.000000,0.000000,0.000000,12.000000,0.000000
22,0.000000,0.000000,12.000000,0.000000,1.199880,0.014699,12.000000,0.024500
22,0.000000,0.000000,12.000000,0.000000,2.399040,0.058788,12.000000,0.049000
22,0.000000,0.000000,12.000000,0.000000,3.596760,0.132240,12.000000,0.073500
22,0.000000,0.000000,12.000000,0.000000,4.792320,0.235012,12.000000,0.098000
22,0.000000,0.000000,12.000000,0.000000,5.985005,0.367041,12.000000,0.122500
22,0.000000,0.000000,12.000000,0.000000,7.174097,0.528248,12.000000,0.147000
22,0.000000,0.000000,12.000000,0.000000,8.358883,0.718536,12.000000,0.171500
22,0.000000,0.000000,12.000000,0.000000,9.538652,0.937792,12.000000,0.196000
22,0.000000,0.000000,12.000000,0.000000,10.712696,1.185883,12.000000,0.220500
22,0.000000,0.000000,12.000000,0.000000,11.880310,1.462662,12.000000,0.245000
22,0.000000,0.000000,12.000000,0.000000,13.040793,1.767960,12.000000,0.269500
23,0.000000,0.000000,12.000000,0.000000,0.000000,0.000000,12.000000,0.000000
23,0.000000,0.000000,12.000000,0.000000,1.199730,0.022048,12.000000,0.036750
23,0.000000,0.000000,12.000000,0.000000,2.397840,0.088160,12.000000,0.073500
23,0.000000,0.000000,12.000000,0.000000,3.592711,0.198249,12.000000,0.110250
23,0.000000,0.000000,12.000000,0.000000,4.782731,0.352165,12.000000,0.147000
23,0.000000,0.000000,12.000000,0.000000,5.966293,0.549701,12.000000,0.183750
23,0.000000,0.000000,12.000000,0.000000,7.141797,0.790589,12.000000,0.220500
23,0.000000,0.000000,12.000000,0.000000,8.307657,1.074505,12.000000,0.257250
23,0.000000,0.000000,12.000000,0.000000,9.462299,1.401064,12.000000,0.294000
23,0.000000,0.000000,12.000000,0.000000,10.604162,1.769827,12.000000,0.330750
23,0.000000,0.000000,12.000000,0.000000,11.731706,2.180295,12.000000,0.367500
23,0.000000,0.000000,12.000000,0.000000,12.843406,2.631913,12.000000,0.404250
24,0.000000,0.000000,12.000000,0.000000,0.000000,0.000000,12.000000,0.000000
24,0.000000,0.000000,12.000000,0.000000,1.199520,0.029394,12.000000,0.049000
24,0.000000,0.000000,12.000000,0.000000,2.396160,0.117506,12.000000,0.098000
24,0.000000,0.000000,12.000000,0.000000,3.587049,0.264124,12.000000,0.147000
24,0.000000,0.000000,12.000000,0.000000,4.769326,0.468896,12.000000,0.196000
24,0.000000,0.000000,12.000000,0.000000,5.940155,0.731331,12.000000,0.245000
24,0.000000,0.000000,12.000000,0.000000,7.096724,1.050798,12.000000,0.294000
24,0.000000,0.000000,12.000000,0.000000,8.236258,1.426532,12.000000,0.343000
24,0.000000,0.000000,12.000000,0.000000,9.356020,1.857629,12.000000,0.392000
24,0.000000,0.000000,12.000000,0.000000,10.453323,2.343055,12.000000,0.441000
24,0.000000,0.000000,12.000000,0.000000,11.525532,2.881644,12.000000,0.490000
24,0.000000,0.000000,12.000000,0.000000,12.570074,3.472105,12.000000,0.539000
25,0.000000,0.000000,12.000000,0.000000,0.000000,0.000000,12.000000,0.000000
25,0.000000,0.000000,12.000000,0.000000,1.199250,0.036739,12.000000,0.061250
25,0.000000,0.000000,12.000000,0.000000,2.394002,0.146816,12.000000,0.122500
25,0.000000,0.000000,12.000000,0.000000,3.579776,0.329820,12.000000,0.183750
25,0.000000,0.000000,12.000000,0.000000,4.752124,0.585065,12.000000,0.245000
25,0.000000,0.000000,12.000000,0.000000,5.906650,0.911592,12.000000,0.306250
25,0.000000,0.000000,12.000000,0.000000,7.039023,1.308177,12.000000,0.367500
25,0.000000,0.000000,12.000000,0.000000,8.144998,1.773333,12.000000,0.428750
25,0.000000,0.000000,12.000000,0.000000,9.220426,2.305315,12.000000,0.490000
25,0.000000,0.000000,12.000000,0.000000,10.261273,2.902129,12.000000,0.551250
25,0.000000,0.000000,12.000000,0.000000,11.263637,3.561536,12.000000,0.612500
25,0.000000,0.000000,12.000000,0.000000,12.223757,4.281062,12.000000,0.673750
26,0.000000,0.000000,12.000000,0.000000,0.000000,0.000000,12.000000,0.000000
26,0.000000,0.000000,12.000000,0.000000,1.198920,0.044080,12.000000,0.073500
26,0.000000,0.000000,12.000000,0.000000,2.391366,0.176083,12.000000,0.147000
26,0.000000,0.000000,12.000000,0.000000,3.570899,0.395294,12.000000,0.220500
26,0.000000,0.000000,12.000000,0.000000,4.731149,0.700532,12.000000,0.294000
26,0.000000,0.000000,12.000000,0.000000,5.865853,1.090147,12.000000,0.367500
26,0.000000,0.000000,12.000000,0.000000,6.968882,1.562036,12.000000,0.441000
26,0.000000,0.000000,12.000000,0.000000,8.034280,2.113651,12.000000,0.514500
26,0.000000,0.000000,12.000000,0.000000,9.056294,2.742012,12.000000,0.588000
26,0.000000,0.000000,12.000000,0.000000,10.029407,3.443728,12.000000,0.661500
26,0.000000,0.000000,12.000000,0.000000,10.948362,4.215008,12.000000,0.735000
26,0.000000,0.000000,12.000000,0.000000,11.808198,5.051688,12.000000,0.808500
27,0.000000,0.000000,12.000000,0.000000,0.000000,0.000000,12.000000,0.000000
27,0.000000,0.000000,12.000000,0.000000,1.198530,0.051418,12.000000,0.085750
27,0.000000,0.000000,12.000000,0.000000,2.388252,0.205296,12.000000,0.171500
27,0.000000,0.000000,12.000000,0.000000,3.560425,0.460502,12.000000,0.257250
27,0.000000,0.000000,12.000000,0.000000,4.706433,0.815161,12.000000,0.343000
27,0.000000,0.000000,12.000000,0.000000,5.817856,1.266666,12.000000,0.428750
27,0.000000,0.000000,12.000000,0.000000,6.886526,1.811701,12.000000,0.514500
27,0.000000,0.000000,12.000000,0.000000,7.904590,2.446259,12.000000,0.600250
27,0.000000,0.000000,12.000000,0.000000,8.864566,3.165677,12.000000,0.686000
27,0.000000,0.000000,12.000000,0.000000,9.759401,3.964669,12.000000,0.771750
27,0.000000,0.000000,12.000000,0.000000,10.582518,4.837364,12.000000,0.857500
27,0.000000,0.000000,12.000000,0.000000,11.327869,5.777348,12.000000,0.943250
28,0.000000,0.000000,12.000000,0.000000,0.000000,0.000000,12.000000,0.000000
28,0.000000,0.000000,12.000000,0.000000,1.198080,0.058753,12.000000,0.098000
28,0.000000,0.000000,12.000000,0.000000,2.384663,0.234448,12.000000,0.196000
28,0.000000,0.000000,12.000000,0.000000,3.548362,0.525399,12.000000,0.294000
28,0.000000,0.000000,12.000000,0.000000,4.678010,0.928814,12.000000,0.392000
28,0.000000,0.000000,12.000000,0.000000,5.762766,1.440822,12.000000,0.490000
28,0.000000,0.000000,12.000000,0.000000,6.792221,2.056509,12.000000,0.588000
28,0.000000,0.000000,12.000000,0.000000,7.756496,2.769968,12.000000,0.686000
28,0.000000,0.000000,12.000000,0.000000,8.646336,3.574350,12.000000,0.784000
28,0.000000,0.000000,12.000000,0.000000,9.453204,4.461938,12.000000,0.882000
28,0.000000,0.000000,12.000000,0.000000,10.169356,5.424214,12.000000,0.980000
28,0.000000,0.000000,12.000000,0.000000,10.787919,6.451943,12.000000,1.078000
29,0.000000,0.000000,12.000000,0.000000,0.000000,0.000000,12.000000,0.000000
29,0.000000,0.000000,12.000000,0.000000,1.197571,0.066083,12.000000,0.110250
29,0.000000,0.000000,12.000000,0.000000,2.380599,0.263530,12.000000,0.220500
29,0.000000,0.000000,12.000000,0.000000,3.534721,0.589942,12.000000,0.330750
29,0.000000,0.000000,12.000000,0.000000,4.645921,1.041358,12.000000,0.441000
29,0.000000,0.000000,12.000000,0.000000,5.700708,1.612294,12.000000,0.551250
29,0.000000,0.000000,12.000000,0.000000,6.686271,2.295819,12.000000,0.661500
29,0.000000,0.000000,12.000000,0.000000,7.590645,3.083632,12.000000,0.771750
29,0.000000,0.000000,12.000000,0.000000,8.402848,3.966167,12.000000,0.882000
29,0.000000,0.000000,12.000000,0.000000,9.113017,4.932709,12.000000,0.992250
29,0.000000,0.000000,12.000000,0.000000,9.712529,5.971519,12.000000,1.102500
29,0.000000,0.000000,12.000000,0.000000,10.194104,7.069985,12.000000,1.212750
30,0.000000,0.000000,12.000000,0.000000,0.000000,0.000000,12.000000,0.000000
30,0.000000,0.000000,12.000000,0.000000,1.197001,0.073408,12.000000,0.122500
30,0.000000,0.000000,12.000000,0.000000,2.376062,0.292532,12.000000,0.245000
30,0.000000,0.000000,12.000000,0.000000,3.519512,0.654089,12.000000,0.367500
30,0.000000,0.000000,12.000000,0.000000,4.610213,1.152658,12.000000,0.490000
30,0.000000,0.000000,12.000000,0.000000,5.631819,1.780768,12.000000,0.612500
30,0.000000,0.000000,12.000000,0.000000,6.569018,2.529005,12.000000,0.735000
30,0.000000,0.000000,12.000000,0.000000,7.407763,3.386155,12.000000,0.857500
30,0.000000,0.000000,12.000000,0.000000,8.135485,4.339371,12.000000,0.980000
30,0.000000,0.000000,12.000000,0.000000,8.741276,5.374368,12.000000,1.102500
30,0.000000,0.000000,12.000000,0.000000,9.216058,6.475632,12.000000,1.225000
30,0.000000,0.000000,12.000000,0.000000,9.552714,7.626659,12.000000,1.347500
31,0.000000,0.000000,12.000000,0.000000,0.000000,0.000000,12.000000,0.000000
31,0.000000,0.000000,12.000000,0.000000,1.196372,0.080728,12.000000,0.134750
31,0.000000,0.000000,12.000000,0.000000,2.371053,0.321447,12.000000,0.269500
31,0.000000,0.000000,12.000000,0.000000,3.502748,0.717795,12.000000,0.404250
31,0.000000,0.000000,12.000000,0.000000,4.570937,1.262584,12.000000,0.539000
31,0.000000,0.000000,12.000000,0.000000,5.556254,1.945937,12.000000,0.673750
31,0.000000,0.000000,12.000000,0.000000,6.440836,2.755467,12.000000,0.808500
31,0.000000,0.000000,12.000000,0.000000,7.208645,3.676495,12.000000,0.943250
31,0.000000,0.000000,12.000000,0.000000,7.845760,4.692323,12.000000,1.078000
31,0.000000,0.000000,12.000000,0.000000,8.340631,5.784534,12.000000,1.212750
31,0.000000,0.000000,12.000000,0.000000,8.684286,6.933326,12.000000,1.347500
31,0.000000,0.000000,12.000000,0.000000,8.870493,8.117873,12.000000,1.482250
32,0.000000,0.000000,12.000000,0.000000,0.000000,0.000000,12.000000,0.000000
32,0.000000,0.000000,12.000000,0.000000,1.195683,0.088041,12.000000,0.147000
32,0.000000,0.000000,12.000000,0.000000,2.365575,0.350266,12.000000,0.294000
32,0.000000,0.000000,12.000000,0.000000,3.484441,0.781018,12.000000,0.441000
32,0.000000,0.000000,12.000000,0.000000,4.528148,1.371006,12.000000,0.588000
32,0.000000,0.000000,12.000000,0.000000,5.474182,2.107504,12.000000,0.735000
32,0.000000,0.000000,12.000000,0.000000,6.302137,2.974626,12.000000,0.882000
32,0.000000,0.000000,12.000000,0.000000,6.994154,3.953667,12.000000,1.029000
32,0.000000,0.000000,12.000000,0.000000,7.535307,5.023509,12.000000,1.176000
32,0.000000,0.000000,12.000000,0.000000,7.913922,6.161077,12.000000,1.323000
32,0.000000,0.000000,12.000000,0.000000,8.121833,7.341832,12.000000,1.470000
32,0.000000,0.000000,12.000000,0.000000,8.154555,8.540305,12.000000,1.617000
33,0.000000,0.000000,12.000000,0.000000,0.000000,0.000000,12.000000,0.000000
33,0.000000,0.000000,12.000000,0.000000,1.194935,0.095348,12.000000,0.159250
33,0.000000,0.000000,12.000000,0.000000,2.359629,0.378980,12.000000,0.318500
33,0.000000,0.000000,12.000000,0.000000,3.464608,0.843718,12.000000,0.477750
33,0.000000,0.000000,12.000000,0.000000,4.481908,1.477800,12.000000,0.637000
33,0.000000,0.000000,12.000000,0.000000,5.385785,2.265179,12.000000,0.796250
33,0.000000,0.000000,12.000000,0.000000,6.153364,3.185931,12.000000,0.955500
33,0.000000,0.000000,12.000000,0.000000,6.765219,4.216752,12.000000,1.114750
33,0.000000,0.000000,12.000000,0.000000,7.205867,5.331557,12.000000,1.274000
33,0.000000,0.000000,12.000000,0.000000,7.464155,6.502132,12.000000,1.433250
33,0.000000,0.000000,12.000000,0.000000,7.533549,7.698855,12.000000,1.592500
33,0.000000,0.000000,12.000000,0.000000,7.412291,8.891439,12.000000,1.751750
34,0.000000,0.000000,12.000000,0.000000,0.000000,0.000000,12.000000,0.000000
34,0.000000,0.000000,12.000000,0.000000,1.194127,0.102648,12.000000,0.171500
34,0.000000,0.000000,12.000000,0.000000,2.353217,0.407581,12.000000,0.343000
34,0.000000,0.000000,12.000000,0.000000,3.443264,0.905851,12.000000,0.514500
34,0.000000,0.000000,12.000000,0.000000,4.432284,1.582839,12.000000,0.686000
34,0.000000,0.000000,12.000000,0.000000,5.291261,2.418683,12.000000,0.857500
34,0.000000,0.000000,12.000000,0.000000,5.994990,3.388858,12.000000,1.029000
34,0.000000,0.000000,12.000000,0.000000,6.522825,4.464899,12.000000,1.200500
34,0.000000,0.000000,12.000000,0.000000,6.859279,5.615235,12.000000,1.372000
34,0.000000,0.000000,12.000000,0.000000,6.994480,6.806116,12.000000,1.543500
34,0.000000,0.000000,12.000000,0.000000,6.924461,8.002599,12.000000,1.715000
34,0.000000,0.000000,12.000000,0.000000,6.651278,9.169580,12.000000,1.886500
35,0.000000,0.000000,12.000000,0.000000,0.000000,0.000000,12.000000,0.000000
35,0.000000,0.000000,12.000000,0.000000,1.193259,0.109940,12.000000,0.183750
35,0.000000,0.000000,12.000000,0.000000,2.346342,0.436059,12.000000,0.367500
35,0.000000,0.000000,12.000000,0.000000,3.420426,0.967377,12.000000,0.551250
35,0.000000,0.000000,12.000000,0.000000,4.379346,1.686004,12.000000,0.735000
35,0.000000,0.000000,12.000000,0.000000,5.190818,2.567745,12.000000,0.918750
35,0.000000,0.000000,12.000000,0.000000,5.827519,3.582913,12.000000,1.102500
35,0.000000,0.000000,12.000000,0.000000,6.268013,4.697327,12.000000,1.286250
35,0.000000,0.000000,12.000000,0.000000,6.497468,5.873467,12.000000,1.470000
35,0.000000,0.000000,12.000000,0.000000,6.508158,7.071732,12.000000,1.653750
35,0.000000,0.000000,12.000000,0.000000,6.299724,8.251779,12.000000,1.837500
35,0.000000,0.000000,12.000000,0.000000,5.879184,9.373875,12.000000,2.021250
36,0.000000,0.000000,12.000000,0.000000,0.000000,0.000000,12.000000,0.000000
36,0.000000,0.000000,12.000000,0.000000,1.192332,0.117224,12.000000,0.196000
36,0.000000,0.000000,12.000000,0.000000,2.339006,0.464407,12.000000,0.392000
36,0.000000,0.000000,12.000000,0.000000,3.396112,1.028255,12.000000,0.588000
36,0.000000,0.000000,12.000000,0.000000,4.323170,1.787176,12.000000,0.784000
36,0.000000,0.000000,12.000000,0.000000,5.084680,2.712108,12.000000,0.980000
36,0.000000,0.000000,12.000000,0.000000,5.651482,3.767633,12.000000,1.176000
36,0.000000,0.000000,12.000000,0.000000,6.001870,4.913332,12.000000,1.372000
36,0.000000,0.000000,12.000000,0.000000,6.122428,6.105332,12.000000,1.568000
36,0.000000,0.000000,12.000000,0.000000,6.008539,7.297987,12.000000,1.764000
36,0.000000,0.000000,12.000000,0.000000,5.664563,8.445627,12.000000,1.960000
36,0.000000,0.000000,12.000000,0.000000,5.103674,9.504306,12.000000,2.156000
37,0.000000,0.000000,12.000000,0.000000,0.000000,0.000000,12.000000,0.000000
37,0.000000,0.000000,12.000000,0.000000,1.191346,0.124499,12.000000,0.208250
37,0.000000,0.000000,12.000000,0.000000,2.331212,0.492617,12.000000,0.416500
37,0.000000,0.000000,12.000000,0.000000,3.370343,1.088446,12.000000,0.624750
37,0.000000,0.000000,12.000000,0.000000,4.263836,1.886240,12.000000,0.833000
37,0.000000,0.000000,12.000000,0.000000,4.973082,2.851525,12.000000,1.041250
37,0.000000,0.000000,12.000000,0.000000,5.467433,3.942590,12.000000,1.249500
37,0.000000,0.000000,12.000000,0.000000,5.725528,5.112287,12.000000,1.457750
37,0.000000,0.000000,12.000000,0.000000,5.736214,6.310073,12.000000,1.666000
37,0.000000,0.000000,12.000000,0.000000,5.499030,7.484189,12.000000,1.874250
37,0.000000,0.000000,12.000000,0.000000,5.024223,8.583900,12.000000,2.082500
37,0.000000,0.000000,12.000000,0.000000,4.332313,9.561686,12.000000,2.290750
38,0.000000,0.000000,12.000000,0.000000,0.000000,0.000000,12.000000,0.000000
38,0.000000,0.000000,12.000000,0.000000,1.190301,0.131765,12.000000,0.220500
38,0.000000,0.000000,12.000000,0.000000,2.322962,0.520679,12.000000,0.441000
38,0.000000,0.000000,12.000000,0.000000,3.343138,1.147910,12.000000,0.661500
38,0.000000,0.000000,12.000000,0.000000,4.201427,1.983085,12.000000,0.882000
38,0.000000,0.000000,12.000000,0.000000,4.856268,2.985762,12.000000,1.102500
38,0.000000,0.000000,12.000000,0.000000,5.275951,4.107387,12.000000,1.323000
38,0.000000,0.000000,12.000000,0.000000,5.440154,5.293648,12.000000,1.543500
38,0.000000,0.000000,12.000000,0.000000,5.340925,6.487102,12.000000,1.764000
38,0.000000,0.000000,12.000000,0.000000,4.983069,7.629956,12.000000,1.984500
38,0.000000,0.000000,12.000000,0.000000,4.383915,8.666871,12.000000,2.205000
38,0.000000,0.000000,12.000000,0.000000,3.572477,9.547635,12.000000,2.425500
39,0.000000,0.000000,12.000000,0.000000,0.000000,0.000000,12.000000,0.000000
39,0.000000,0.000000,12.000000,0.000000,1.189196,0.139021,12.000000,0.232750
39,0.000000,0.000000,12.000000,0.000000,2.314261,0.548586,12.000000,0.465500
39,0.000000,0.000000,12.000000,0.000000,3.314521,1.206609,12.000000,0.698250
39,0.000000,0.000000,12.000000,0.000000,4.136034,2.077603,12.000000,0.931000
39,0.000000,0.000000,12.000000,0.000000,4.734497,3.114596,12.000000,1.163750
39,0.000000,0.000000,12.000000,0.000000,5.077636,4.261666,12.000000,1.396500
39,0.000000,0.000000,12.000000,0.000000,5.146946,5.456953,12.000000,1.629250
39,0.000000,0.000000,12.000000,0.000000,4.938689,6.635996,12.000000,1.862000
39,0.000000,0.000000,12.000000,0.000000,4.464097,7.735212,12.000000,2.094750
39,0.000000,0.000000,12.000000,0.000000,3.748762,8.695322,12.000000,2.327500
39,0.000000,0.000000,12.000000,0.000000,2.831263,9.464548,12.000000,2.560250
40,0.000000,0.000000,12.000000,0.000000,0.000000,0.000000,12.000000,0.000000
40,0.000000,0.000000,12.000000,0.000000,1.188032,0.146266,12.000000,0.245000
40,0.000000,0.000000,12.000000,0.000000,2.305109,0.576330,12.000000,0.490000
40,0.000000,0.000000,12.000000,0.000000,3.284513,1.264504,12.000000,0.735000
40,0.000000,0.000000,12.000000,0.000000,4.067747,2.169688,12.000000,0.980000
40,0.000000,0.000000,12.000000,0.000000,4.608034,3.237820,12.000000,1.225000
40,0.000000,0.000000,12.000000,0.000000,4.873105,4.405104,12.000000,1.470000
40,0.000000,0.000000,12.000000,0.000000,4.847128,5.601825,12.000000,1.715000
40,0.000000,0.000000,12.000000,0.000000,4.531654,6.756507,12.000000,1.960000
40,0.000000,0.000000,12.000000,0.000000,3.945526,7.800187,12.000000,2.205000
40,0.000000,0.000000,12.000000,0.000000,3.123749,8.670531,12.000000,2.450000
40,0.000000,0.000000,12.000000,0.000000,2.115406,9.315558,12.000000,2.695000
