0,1,40.313708,40.313708,8.000000,0.198444
0,2,40.313708,40.313708,3.757359,0.093203
1,1,35.727922,35.727922,2.828427,0.079166
1,2,35.727922,35.727922,1.414214,0.039583
2,1,39.142136,39.142136,6.828427,0.174452
2,2,39.142136,39.142136,6.828427,0.174452
3,1,46.556349,41.142136,10.343146,0.222164
3,2,46.556349,45.970563,10.585786,0.227376
4,1,33.485281,33.485281,3.656854,0.109208
4,2,33.485281,33.485281,0.000000,0.000000
5,1,40.899495,40.899495,6.100505,0.149158
5,2,40.899495,40.899495,5.514719,0.134836
6,1,39.627417,39.627417,4.828427,0.121846
6,2,39.627417,39.627417,4.000000,0.100940
7,1,34.798990,34.798990,0.000000,0.000000
7,2,34.798990,34.798990,0.000000,0.000000
8,1,36.213203,36.213203,3.071068,0.084805
8,2,36.213203,36.213203,2.242641,0.061929
9,1,39.384776,38.213203,6.242641,0.158504
9,2,39.384776,39.384776,2.828427,0.071815
10,1,35.384776,35.384776,3.071068,0.086791
10,2,35.384776,35.384776,0.000000,0.000000
11,1,35.627417,35.627417,1.656854,0.046505
11,2,35.627417,35.627417,0.000000,0.000000
12,1,43.727922,43.727922,7.757359,0.177401
12,2,43.727922,43.727922,7.514719,0.171852
13,1,37.384776,37.384776,3.414214,0.091326
13,2,37.384776,37.384776,1.757359,0.047007
14,1,31.485281,31.485281,1.656854,0.052623
14,2,31.485281,31.485281,0.000000,0.000000
15,1,35.727922,35.727922,1.171573,0.032792
15,2,35.727922,35.727922,0.000000,0.000000
16,1,39.041631,39.041631,3.414214,0.087451
16,2,39.041631,39.041631,1.414214,0.036223
17,1,37.384776,37.384776,3.414214,0.091326
17,2,37.384776,37.384776,1.414214,0.037829
18,1,37.041631,37.041631,3.899495,0.105273
18,2,37.041631,37.041631,1.414214,0.038179
19,1,43.828427,40.313708,6.686292,0.152556
19,2,43.828427,43.828427,6.100505,0.139191
20,1,43.384776,42.798990,10.485281,0.241681
20,2,43.384776,37.384776,7.171573,0.165302
21,1,36.656854,35.485281,2.928932,0.079901
21,2,36.656854,36.656854,2.928932,0.079901
22,1,40.313708,40.313708,5.514719,0.136795
22,2,40.313708,41.041631,0.686292,0.017024
23,1,39.384776,39.384776,4.000000,0.101562
23,2,39.384776,39.384776,4.000000,0.101562
24,1,42.556349,41.384776,8.000000,0.187986
24,2,42.556349,36.556349,7.171573,0.168519
25,1,42.213203,41.627417,6.000000,0.142136
25,2,42.213203,42.213203,2.828427,0.067003
26,1,40.455844,40.455844,6.485281,0.160305
26,2,40.455844,40.455844,4.000000,0.098873
27,1,38.213203,38.213203,2.828427,0.074017
27,2,38.213203,38.213203,1.171573,0.030659
28,1,43.242641,40.313708,4.686292,0.108372
28,2,43.242641,43.242641,4.100505,0.094826
29,1,37.142136,37.142136,1.757359,0.047314
29,2,37.142136,37.142136,1.757359,0.047314
30,1,38.798990,38.798990,7.313708,0.188503
30,2,38.798990,38.798990,5.899495,0.152053
31,1,42.899495,42.899495,9.171573,0.213792
31,2,42.899495,42.899495,9.171573,0.213792
32,1,41.142136,41.142136,1.757359,0.042714
32,2,41.142136,41.142136,1.757359,0.042714
33,1,37.142136,37.142136,1.757359,0.047314
33,2,37.142136,37.142136,1.757359,0.047314
34,1,31.485281,31.485281,0.000000,0.000000
34,2,31.485281,31.485281,0.000000,0.000000
35,1,35.627417,35.627417,1.656854,0.046505
35,2,35.627417,35.627417,1.656854,0.046505
36,1,35.627417,35.627417,1.656854,0.046505
36,2,35.627417,35.627417,0.000000,0.000000
37,1,38.313708,38.313708,6.828427,0.178224
37,2,38.313708,38.313708,5.171573,0.134980
38,1,35.142136,35.142136,1.171573,0.033338
38,2,35.142136,35.142136,1.171573,0.033338
39,1,42.556349,39.384776,6.000000,0.140990
39,2,42.556349,42.556349,6.585786,0.154754
40,1,35.485281,35.485281,1.757359,0.049524
40,2,35.485281,35.485281,1.757359,0.049524
41,1,42.313708,42.313708,4.686292,0.110751
41,2,42.313708,42.313708,4.100505,0.096907
42,1,43.142136,42.556349,9.414214,0.218214
42,2,43.142136,43.142136,6.343146,0.147029
43,1,49.970563,47.041631,15.414214,0.308466
43,2,49.970563,49.970563,11.757359,0.235286
44,1,37.870058,37.870058,3.071068,0.081095
44,2,37.870058,37.870058,1.414214,0.037344
45,1,40.899495,40.899495,1.757359,0.042968
45,2,40.899495,40.313708,5.171573,0.126446
46,1,34.556349,34.556349,1.656854,0.047946
46,2,34.556349,34.556349,0.000000,0.000000
47,1,39.627417,39.627417,7.313708,0.184562
47,2,39.627417,39.627417,5.071068,0.127969
48,1,41.384776,41.384776,1.171573,0.028309
48,2,41.384776,41.384776,2.343146,0.056619
49,1,36.313708,36.313708,1.757359,0.048394
49,2,36.313708,36.313708,1.757359,0.048394
50,1,46.798990,43.627417,13.071068,0.279302
50,2,46.798990,40.213203,9.656854,0.206347
51,1,41.142136,41.142136,4.343146,0.105564
51,2,41.142136,37.627417,3.514719,0.085429
52,1,44.455844,44.455844,8.828427,0.198589
52,2,44.455844,44.455844,2.585786,0.058165
53,1,37.384776,37.384776,5.899495,0.157805
53,2,37.384776,37.384776,5.071068,0.135645
54,1,41.041631,40.455844,8.727922,0.212660
54,2,41.041631,41.041631,1.757359,0.042819
55,1,38.556349,38.556349,4.828427,0.125230
55,2,38.556349,38.556349,4.000000,0.103744
56,1,37.970563,33.485281,4.485281,0.118125
56,2,37.970563,36.798990,4.242641,0.111735
57,1,45.142136,45.142136,10.585786,0.234499
57,2,45.142136,45.142136,10.585786,0.234499
58,1,36.556349,36.556349,1.757359,0.048073
58,2,36.556349,35.384776,1.171573,0.032048
59,1,36.556349,36.556349,3.414214,0.093396
59,2,36.556349,36.556349,1.171573,0.032048
60,1,40.798990,40.213203,7.071068,0.173315
60,2,40.798990,40.798990,7.656854,0.187673
61,1,37.284271,37.284271,4.142136,0.111096
61,2,37.284271,37.284271,0.000000,0.000000
62,1,39.142136,39.142136,5.171573,0.132123
62,2,39.142136,38.556349,2.000000,0.051096
63,1,37.727922,37.727922,4.585786,0.121549
63,2,37.727922,37.727922,4.585786,0.121549
64,1,34.798990,34.798990,3.313708,0.095224
64,2,34.798990,34.798990,1.656854,0.047612
65,1,40.798990,40.798990,6.000000,0.147062
65,2,40.798990,40.798990,6.000000,0.147062
66,1,41.142136,39.970563,5.757359,0.139938
66,2,41.142136,41.142136,4.585786,0.111462
67,1,37.970563,37.970563,4.828427,0.127162
67,2,37.970563,37.970563,2.585786,0.068100
68,1,41.384776,36.556349,9.313708,0.225052
68,2,41.384776,38.213203,7.899495,0.190879
69,1,37.727922,37.727922,4.585786,0.121549
69,2,37.727922,37.727922,3.171573,0.084064
70,1,41.970563,41.384776,4.000000,0.095305
70,2,41.970563,41.970563,3.514719,0.083742
71,1,40.556349,40.556349,6.828427,0.168369
71,2,40.556349,39.384776,5.171573,0.127516
72,1,37.970563,37.384776,3.414214,0.089917
72,2,37.970563,37.970563,2.828427,0.074490
73,1,38.455844,38.455844,2.828427,0.073550
73,2,38.455844,38.455844,2.828427,0.073550
74,1,44.656854,44.798990,7.272078,0.162843
74,2,44.656854,44.656854,4.343146,0.097256
75,1,40.313708,38.556349,4.100505,0.101715
75,2,40.313708,35.384776,4.928932,0.122264
76,1,38.213203,38.213203,2.585786,0.067667
76,2,38.213203,38.213203,2.585786,0.067667
77,1,41.485281,41.485281,9.171573,0.221080
77,2,41.485281,41.485281,7.171573,0.172870
78,1,34.556349,34.556349,1.656854,0.047946
78,2,34.556349,34.556349,0.000000,0.000000
79,1,39.727922,39.727922,1.757359,0.044235
79,2,39.727922,39.727922,1.757359,0.044235
80,1,35.384776,35.384776,1.656854,0.046824
80,2,35.384776,35.384776,0.000000,0.000000
81,1,35.142136,35.142136,3.071068,0.087390
81,2,35.142136,35.142136,2.828427,0.080485
82,1,41.041631,40.455844,7.071068,0.172290
82,2,41.041631,41.041631,3.414214,0.083189
83,1,43.242641,39.727922,8.100505,0.187327
83,2,43.242641,43.242641,4.343146,0.100437
84,1,34.798990,34.798990,1.656854,0.047612
84,2,34.798990,34.798990,0.000000,0.000000
85,1,32.899495,32.899495,3.899495,0.118528
85,2,32.899495,32.899495,0.000000,0.000000
86,1,39.970563,36.798990,3.171573,0.079348
86,2,39.970563,39.970563,4.585786,0.114729
87,1,37.384776,37.384776,5.071068,0.135645
87,2,37.384776,37.384776,1.414214,0.037829
88,1,33.142136,33.142136,0.000000,0.000000
88,2,33.142136,33.142136,0.000000,0.000000
89,1,38.313708,37.142136,2.928932,0.076446
89,2,38.313708,38.313708,2.928932,0.076446
90,1,42.071068,39.142136,4.686292,0.111390
90,2,42.071068,42.071068,4.100505,0.097466
91,1,34.899495,34.313708,2.828427,0.081045
91,2,34.899495,34.899495,2.242641,0.064260
92,1,38.798990,38.798990,4.000000,0.103095
92,2,38.798990,38.798990,1.414214,0.036450
93,1,43.727922,43.727922,7.757359,0.177401
93,2,43.727922,37.384776,7.757359,0.177401
94,1,42.313708,42.313708,5.757359,0.136064
94,2,42.313708,42.313708,3.171573,0.074954
95,1,38.899495,38.899495,1.757359,0.045177
95,2,38.899495,38.899495,1.757359,0.045177
96,1,41.142136,36.213203,4.928932,0.119803
96,2,41.142136,41.142136,4.343146,0.105564
97,1,41.142136,41.142136,5.757359,0.139938
97,2,41.142136,41.142136,2.100505,0.051055
98,1,34.899495,34.899495,5.071068,0.145305
98,2,34.899495,33.727922,1.171573,0.033570
99,1,42.213203,42.213203,6.828427,0.161760
99,2,42.213203,42.213203,6.000000,0.142136
100,1,38.556349,38.556349,4.585786,0.118937
100,2,38.556349,38.556349,2.343146,0.060772
101,1,38.313708,38.455844,4.585786,0.119690
101,2,38.313708,34.556349,5.414214,0.141313
102,1,33.970563,33.970563,0.000000,0.000000
102,2,33.970563,33.970563,0.000000,0.000000
103,1,33.142136,33.142136,1.656854,0.049992
103,2,33.142136,33.142136,0.000000,0.000000
104,1,36.798990,36.798990,2.828427,0.076862
104,2,36.798990,36.798990,1.414214,0.038431
105,1,39.727922,32.899495,6.828427,0.171880
105,2,39.727922,36.556349,6.000000,0.151027
106,1,38.213203,38.213203,3.414214,0.089346
106,2,38.213203,38.213203,1.171573,0.030659
107,1,38.556349,38.556349,4.585786,0.118937
107,2,38.556349,38.556349,4.585786,0.118937
108,1,36.556349,36.556349,4.485281,0.122695
108,2,36.556349,36.556349,3.656854,0.100033
109,1,37.727922,36.556349,1.171573,0.031053
109,2,37.727922,37.727922,0.000000,0.000000
110,1,36.798990,36.798990,3.656854,0.099374
110,2,36.798990,36.213203,0.585786,0.015919
111,1,40.213203,40.213203,3.171573,0.078869
111,2,40.213203,40.213203,3.171573,0.078869
112,1,41.142136,38.213203,5.757359,0.139938
112,2,41.142136,41.142136,3.171573,0.077088
113,1,41.142136,41.142136,7.414214,0.180210
113,2,41.142136,41.142136,4.100505,0.099667
114,1,42.556349,40.213203,5.171573,0.121523
114,2,42.556349,42.556349,2.928932,0.068825
115,1,35.384776,35.384776,0.000000,0.000000
115,2,35.384776,35.384776,0.000000,0.000000
116,1,38.213203,38.213203,4.242641,0.111026
116,2,38.213203,38.213203,2.828427,0.074017
117,1,39.142136,39.142136,1.757359,0.044897
117,2,39.142136,39.142136,1.757359,0.044897
118,1,36.213203,36.213203,1.656854,0.045753
118,2,36.213203,36.213203,0.000000,0.000000
119,1,35.727922,35.727922,4.242641,0.118749
119,2,35.727922,35.727922,2.585786,0.072374
120,1,42.798990,41.627417,9.071068,0.211946
120,2,42.798990,42.798990,6.585786,0.153877
121,1,42.455844,42.455844,10.970563,0.258399
121,2,42.455844,42.455844,8.485281,0.199861
122,1,38.556349,38.556349,1.757359,0.045579
122,2,38.556349,38.556349,1.757359,0.045579
123,1,42.556349,42.556349,8.585786,0.201751
123,2,42.556349,42.556349,6.000000,0.140990
124,1,36.556349,36.556349,4.242641,0.116058
124,2,36.556349,36.556349,2.585786,0.070734
125,1,39.142136,39.142136,4.585786,0.117157
125,2,39.142136,39.142136,4.585786,0.117157
126,1,41.970563,43.870058,5.757359,0.137176
126,2,41.970563,38.455844,4.928932,0.117438
127,1,42.798990,42.213203,7.414214,0.173233
127,2,42.798990,40.556349,4.000000,0.093460
128,1,39.041631,39.041631,5.313708,0.136104
128,2,39.041631,39.041631,2.828427,0.072446
129,1,44.313708,40.455844,8.100505,0.182799
129,2,44.313708,44.313708,7.857864,0.177324
130,1,40.798990,38.213203,3.757359,0.092094
130,2,40.798990,40.798990,4.000000,0.098042
131,1,38.556349,38.556349,8.727922,0.226368
131,2,38.556349,38.556349,7.899495,0.204882
132,1,36.213203,36.213203,0.000000,0.000000
132,2,36.213203,36.213203,0.000000,0.000000
133,1,35.970563,35.970563,5.313708,0.147724
133,2,35.970563,35.970563,2.242641,0.062347
134,1,40.313708,40.313708,7.414214,0.183913
134,2,40.313708,39.727922,2.000000,0.049611
135,1,40.213203,40.213203,6.242641,0.155239
135,2,40.213203,40.213203,5.414214,0.134638
136,1,34.556349,34.556349,1.656854,0.047946
136,2,34.556349,34.556349,1.656854,0.047946
137,1,39.970563,39.970563,3.414214,0.085418
137,2,39.970563,39.970563,3.414214,0.085418
138,1,39.627417,39.041631,8.142136,0.205467
138,2,39.627417,39.627417,3.656854,0.092281
139,1,35.485281,34.899495,1.757359,0.049524
139,2,35.485281,35.485281,1.171573,0.033016
140,1,38.798990,38.798990,3.414214,0.087997
140,2,38.798990,37.627417,1.171573,0.030196
141,1,35.970563,35.970563,2.242641,0.062347
141,2,35.970563,35.970563,2.242641,0.062347
142,1,39.384776,39.384776,4.000000,0.101562
142,2,39.384776,39.384776,2.585786,0.065654
143,1,37.041631,37.041631,1.656854,0.044730
143,2,37.041631,37.041631,0.000000,0.000000
144,1,34.798990,34.798990,1.656854,0.047612
144,2,34.798990,34.798990,0.000000,0.000000
145,1,34.899495,33.727922,2.585786,0.074092
145,2,34.899495,34.899495,1.171573,0.033570
146,1,38.798990,38.798990,7.313708,0.188503
146,2,38.798990,38.798990,4.828427,0.124447
147,1,38.798990,38.798990,2.828427,0.072900
147,2,38.798990,38.798990,1.171573,0.030196
148,1,46.656854,46.656854,6.686292,0.143308
148,2,46.656854,41.485281,8.100505,0.173619
149,1,42.899495,42.899495,6.686292,0.155859
149,2,42.899495,39.727922,6.343146,0.147861
150,1,43.142136,40.798990,9.414214,0.218214
150,2,43.142136,43.142136,7.171573,0.166231
151,1,38.213203,37.041631,2.828427,0.074017
151,2,38.213203,38.213203,0.000000,0.000000
152,1,38.313708,37.727922,4.585786,0.119690
152,2,38.313708,38.313708,4.000000,0.104401
153,1,42.213203,39.041631,8.485281,0.201010
153,2,42.213203,38.455844,7.656854,0.181385
154,1,44.071068,44.071068,6.928932,0.157222
154,2,44.071068,40.556349,5.272078,0.119627
155,1,33.142136,33.142136,0.000000,0.000000
155,2,33.142136,33.142136,0.000000,0.000000
156,1,45.142136,39.142136,11.414214,0.252851
156,2,45.142136,44.798990,8.928932,0.197796
157,1,35.142136,35.142136,1.171573,0.033338
157,2,35.142136,35.142136,1.171573,0.033338
158,1,49.041631,45.284271,13.656854,0.278475
158,2,49.041631,47.870058,10.585786,0.215853
159,1,35.142136,35.142136,2.828427,0.080485
159,2,35.142136,34.556349,0.585786,0.016669
160,1,37.970563,37.970563,3.414214,0.089917
160,2,37.970563,36.213203,3.414214,0.089917
161,1,31.485281,31.485281,1.656854,0.052623
161,2,31.485281,31.485281,0.000000,0.000000
162,1,39.142136,39.142136,4.585786,0.117157
162,2,39.142136,39.142136,4.585786,0.117157
163,1,39.384776,39.384776,1.757359,0.044620
163,2,39.384776,39.384776,1.757359,0.044620
164,1,37.727922,37.727922,4.585786,0.121549
164,2,37.727922,37.727922,4.585786,0.121549
165,1,41.627417,37.384776,7.071068,0.169866
165,2,41.627417,41.627417,4.828427,0.115992
166,1,40.213203,40.213203,7.071068,0.175839
166,2,40.213203,40.213203,6.242641,0.155239
167,1,34.798990,34.798990,1.656854,0.047612
167,2,34.798990,34.798990,0.000000,0.000000
168,1,37.384776,37.384776,6.727922,0.179964
168,2,37.384776,37.384776,4.242641,0.113486
169,1,34.313708,34.313708,2.828427,0.082428
169,2,34.313708,34.313708,2.828427,0.082428
170,1,43.041631,39.970563,8.485281,0.197141
170,2,43.041631,43.041631,6.000000,0.139400
171,1,39.142136,39.142136,2.343146,0.059862
171,2,39.142136,39.142136,1.171573,0.029931
172,1,42.899495,42.899495,10.828427,0.252414
172,2,42.899495,42.899495,5.514719,0.128550
173,1,45.142136,44.556349,10.828427,0.239874
173,2,45.142136,39.727922,10.000000,0.221523
174,1,52.798990,47.384776,16.000000,0.303036
174,2,52.798990,49.870058,15.757359,0.298441
175,1,35.627417,35.627417,1.656854,0.046505
175,2,35.627417,35.384776,0.242641,0.006811
176,1,41.384776,41.384776,4.828427,0.116672
176,2,41.384776,37.384776,4.000000,0.096654
177,1,41.142136,41.142136,4.585786,0.111462
177,2,41.142136,41.142136,4.585786,0.111462
178,1,38.455844,38.455844,2.828427,0.073550
178,2,38.455844,38.455844,0.000000,0.000000
179,1,39.970563,39.970563,4.585786,0.114729
179,2,39.970563,37.041631,4.585786,0.114729
180,1,43.384776,43.384776,9.414214,0.216993
180,2,43.384776,43.384776,7.414214,0.170894
181,1,40.213203,39.627417,1.757359,0.043701
181,2,40.213203,40.213203,1.171573,0.029134
182,1,40.798990,40.798990,6.828427,0.167368
182,2,40.798990,40.213203,3.757359,0.092094
183,1,44.313708,44.313708,11.171573,0.252102
183,2,44.313708,45.970563,7.514719,0.169580
184,1,46.455844,46.455844,11.656854,0.250923
184,2,46.455844,45.284271,2.585786,0.055661
185,1,39.384776,39.384776,6.242641,0.158504
185,2,39.384776,39.384776,4.828427,0.122596
186,1,39.142136,39.142136,1.757359,0.044897
186,2,39.142136,39.142136,1.757359,0.044897
187,1,39.384776,39.384776,7.071068,0.179538
187,2,39.384776,39.384776,6.242641,0.158504
188,1,41.384776,40.213203,7.656854,0.185016
188,2,41.384776,41.384776,7.414214,0.179153
189,1,35.627417,35.627417,0.000000,0.000000
189,2,35.627417,35.627417,0.000000,0.000000
190,1,33.142136,33.142136,0.000000,0.000000
190,2,33.142136,33.142136,0.000000,0.000000
191,1,35.142136,35.142136,2.828427,0.080485
191,2,35.142136,35.142136,1.414214,0.040243
192,1,34.313708,33.727922,2.242641,0.065357
192,2,34.313708,34.313708,1.656854,0.048285
193,1,39.970563,39.970563,3.757359,0.094003
193,2,39.970563,39.970563,1.757359,0.043966
194,1,34.556349,34.556349,0.000000,0.000000
194,2,34.556349,34.556349,0.000000,0.000000
195,1,34.798990,34.798990,0.000000,0.000000
195,2,34.798990,34.798990,0.000000,0.000000
196,1,42.656854,40.313708,5.514719,0.129281
196,2,42.656854,42.656854,4.928932,0.115548
197,1,33.142136,33.142136,1.656854,0.049992
197,2,33.142136,33.142136,1.656854,0.049992
198,1,44.798990,44.213203,9.414214,0.210143
198,2,44.798990,44.798990,8.242641,0.183992
199,1,33.970563,33.970563,1.656854,0.048773
199,2,33.970563,33.970563,1.656854,0.048773
200,1,42.071068,42.556349,6.686292,0.158928
200,2,42.071068,36.899495,5.171573,0.122925
201,1,43.142136,37.970563,9.414214,0.218214
201,2,43.142136,41.970563,7.171573,0.166231
202,1,33.142136,33.142136,0.000000,0.000000
202,2,33.142136,33.142136,0.000000,0.000000
203,1,40.213203,40.213203,6.242641,0.155239
203,2,40.213203,40.213203,5.414214,0.134638
204,1,36.213203,36.213203,3.899495,0.107682
204,2,36.213203,36.213203,1.414214,0.039052
205,1,38.899495,38.899495,4.100505,0.105413
205,2,38.899495,38.899495,3.514719,0.090354
206,1,37.627417,37.627417,5.313708,0.141219
206,2,37.627417,37.627417,2.242641,0.059601
207,1,37.727922,37.727922,4.828427,0.127980
207,2,37.727922,37.727922,4.000000,0.106022
208,1,40.213203,40.213203,3.414214,0.084903
208,2,40.213203,40.213203,3.414214,0.084903
209,1,35.142136,35.142136,2.828427,0.080485
209,2,35.142136,35.142136,0.000000,0.000000
210,1,37.970563,37.970563,3.171573,0.083527
210,2,37.970563,37.970563,4.828427,0.127162
211,1,35.142136,34.556349,2.242641,0.063816
211,2,35.142136,35.142136,1.656854,0.047147
212,1,39.627417,37.041631,6.727922,0.169779
212,2,39.627417,37.041631,4.242641,0.107063
213,1,46.556349,46.556349,7.171573,0.154041
213,2,46.556349,46.556349,7.514719,0.161411
214,1,42.556349,42.556349,8.000000,0.187986
214,2,42.556349,41.384776,7.414214,0.174221
215,1,39.384776,39.384776,6.242641,0.158504
215,2,39.384776,39.384776,5.414214,0.137470
216,1,39.142136,39.142136,4.343146,0.110958
216,2,39.142136,39.142136,4.343146,0.110958
217,1,38.213203,38.213203,3.414214,0.089346
217,2,38.213203,38.213203,2.585786,0.067667
218,1,40.899495,36.899495,8.000000,0.195601
218,2,40.899495,40.899495,6.585786,0.161024
219,1,36.798990,38.213203,2.242641,0.060943
219,2,36.798990,36.798990,2.242641,0.060943
220,1,42.213203,42.213203,7.414214,0.175637
220,2,42.213203,42.213203,4.000000,0.094757
221,1,36.556349,36.556349,3.414214,0.093396
221,2,36.556349,36.556349,1.414214,0.038686
222,1,40.899495,40.899495,7.171573,0.175346
222,2,40.899495,40.899495,2.928932,0.071613
223,1,41.384776,41.384776,7.414214,0.179153
223,2,41.384776,41.384776,7.414214,0.179153
224,1,36.313708,36.313708,4.000000,0.110151
224,2,36.313708,36.313708,4.000000,0.110151
225,1,49.041631,49.041631,9.171573,0.187016
225,2,49.041631,49.041631,6.585786,0.134290
226,1,33.142136,33.142136,0.000000,0.000000
226,2,33.142136,33.142136,0.000000,0.000000
227,1,37.041631,37.041631,4.727922,0.127638
227,2,37.041631,37.041631,2.242641,0.060544
228,1,32.899495,32.899495,0.000000,0.000000
228,2,32.899495,32.899495,0.000000,0.000000
229,1,44.656854,44.656854,9.514719,0.213063
229,2,44.656854,44.656854,9.514719,0.213063
230,1,39.727922,39.727922,5.757359,0.144920
230,2,39.727922,38.556349,1.171573,0.029490
231,1,41.970563,41.970563,7.171573,0.170871
231,2,41.970563,41.970563,7.171573,0.170871
232,1,39.727922,39.727922,4.585786,0.115430
232,2,39.727922,39.727922,4.585786,0.115430
233,1,40.213203,40.213203,5.414214,0.134638
233,2,40.213203,40.213203,4.000000,0.099470
234,1,35.727922,35.727922,3.414214,0.095561
234,2,35.727922,35.727922,2.585786,0.072374
235,1,38.213203,38.213203,5.071068,0.132705
235,2,38.213203,38.213203,4.242641,0.111026
236,1,39.970563,39.384776,6.242641,0.156181
236,2,39.970563,39.970563,5.656854,0.141526
237,1,34.798990,34.798990,1.656854,0.047612
237,2,34.798990,34.798990,0.000000,0.000000
238,1,39.970563,39.970563,4.585786,0.114729
238,2,39.970563,38.313708,6.242641,0.156181
239,1,36.213203,36.213203,2.242641,0.061929
239,2,36.213203,36.213203,1.414214,0.039052
240,1,42.556349,42.556349,9.656854,0.226919
240,2,42.556349,42.556349,8.000000,0.187986
241,1,35.727922,35.727922,1.171573,0.032792
241,2,35.727922,34.556349,1.171573,0.032792
242,1,37.142136,37.142136,1.757359,0.047314
242,2,37.142136,37.142136,1.757359,0.047314
243,1,45.284271,40.798990,6.242641,0.137855
243,2,45.284271,45.284271,4.000000,0.088331
244,1,39.142136,39.142136,6.000000,0.153287
244,2,39.142136,39.142136,4.343146,0.110958
245,1,43.485281,39.142136,8.928932,0.205332
245,2,43.485281,43.485281,7.514719,0.172811
246,1,39.627417,39.627417,4.828427,0.121846
246,2,39.627417,39.627417,2.585786,0.065252
247,1,32.313708,32.313708,0.000000,0.000000
247,2,32.313708,32.313708,0.000000,0.000000
248,1,38.798990,38.798990,4.000000,0.103095
248,2,38.798990,38.798990,1.414214,0.036450
249,1,37.384776,35.627417,3.414214,0.091326
249,2,37.384776,37.384776,1.171573,0.031338
250,1,39.970563,37.627417,4.585786,0.114729
250,2,39.970563,39.970563,3.171573,0.079348
251,1,40.213203,40.213203,3.414214,0.084903
251,2,40.213203,40.213203,1.757359,0.043701
252,1,32.656854,32.656854,1.171573,0.035875
252,2,32.656854,32.656854,1.171573,0.035875
253,1,36.313708,36.313708,1.757359,0.048394
253,2,36.313708,36.313708,1.757359,0.048394
254,1,37.627417,37.627417,1.656854,0.044033
254,2,37.627417,37.627417,0.000000,0.000000
255,1,42.071068,36.071068,7.757359,0.184387
255,2,42.071068,41.142136,5.514719,0.131081
256,1,32.656854,32.656854,1.171573,0.035875
256,2,32.656854,32.656854,1.171573,0.035875
257,1,42.313708,41.727922,6.100505,0.144173
257,2,42.313708,38.213203,5.272078,0.124595
258,1,37.870058,37.870058,3.899495,0.102970
258,2,37.870058,37.870058,1.414214,0.037344
259,1,31.485281,31.485281,1.656854,0.052623
259,2,31.485281,31.485281,0.000000,0.000000
260,1,35.727922,35.727922,1.171573,0.032792
260,2,35.727922,35.142136,0.585786,0.016396
261,1,35.142136,35.142136,1.171573,0.033338
261,2,35.142136,35.142136,1.171573,0.033338
262,1,34.798990,34.798990,1.656854,0.047612
262,2,34.798990,34.798990,0.000000,0.000000
263,1,36.798990,36.798990,5.313708,0.144398
263,2,36.798990,36.213203,0.585786,0.015919
264,1,40.899495,40.899495,2.928932,0.071613
264,2,40.899495,40.899495,2.928932,0.071613
265,1,37.485281,37.485281,4.000000,0.106709
265,2,37.485281,37.485281,1.414214,0.037727
266,1,40.798990,38.455844,4.585786,0.112400
266,2,40.798990,38.455844,3.757359,0.092094
267,1,41.970563,41.970563,8.000000,0.190610
267,2,41.970563,41.384776,5.757359,0.137176
268,1,42.213203,42.213203,7.071068,0.167508
268,2,42.213203,41.041631,4.000000,0.094757
269,1,35.384776,35.384776,1.656854,0.046824
269,2,35.384776,35.384776,1.656854,0.046824
270,1,36.899495,36.899495,2.928932,0.079376
270,2,36.899495,36.899495,2.928932,0.079376
271,1,36.313708,36.313708,4.000000,0.110151
271,2,36.313708,36.313708,2.585786,0.071207
272,1,36.313708,36.313708,2.343146,0.064525
272,2,36.313708,36.313708,1.757359,0.048394
273,1,44.656854,39.727922,8.928932,0.199945
273,2,44.656854,44.656854,5.757359,0.128924
274,1,39.727922,39.727922,4.100505,0.103215
274,2,39.727922,39.727922,3.514719,0.088470
275,1,34.556349,34.556349,2.242641,0.064898
275,2,34.556349,34.556349,1.414214,0.040925
276,1,39.384776,39.384776,3.414214,0.086689
276,2,39.384776,39.384776,1.757359,0.044620
277,1,39.142136,39.142136,4.585786,0.117157
277,2,39.142136,39.142136,4.343146,0.110958
278,1,37.142136,36.313708,2.585786,0.069619
278,2,37.142136,37.142136,1.757359,0.047314
279,1,42.071068,42.071068,6.928932,0.164696
279,2,42.071068,42.071068,5.757359,0.136848
280,1,42.698485,42.112698,7.313708,0.171287
280,2,42.698485,39.526912,4.828427,0.113082
281,1,34.556349,34.556349,3.071068,0.088871
281,2,34.556349,34.556349,1.414214,0.040925
282,1,38.556349,40.556349,4.000000,0.103744
282,2,38.556349,36.798990,1.757359,0.045579
283,1,39.284271,39.284271,4.485281,0.114175
283,2,39.284271,39.284271,0.000000,0.000000
284,1,37.384776,37.384776,6.727922,0.179964
284,2,37.384776,37.384776,2.585786,0.069167
285,1,41.727922,41.727922,5.757359,0.137974
285,2,41.727922,39.384776,2.343146,0.056153
286,1,34.798990,34.798990,1.656854,0.047612
286,2,34.798990,34.798990,0.000000,0.000000
287,1,36.899495,36.899495,4.828427,0.130853
287,2,36.899495,36.899495,3.171573,0.085952
288,1,36.455844,36.455844,1.656854,0.045448
288,2,36.455844,36.455844,0.000000,0.000000
289,1,40.213203,39.627417,4.000000,0.099470
289,2,40.213203,40.213203,1.171573,0.029134
290,1,34.798990,34.798990,3.313708,0.095224
290,2,34.798990,34.798990,1.656854,0.047612
291,1,39.627417,38.455844,2.828427,0.071376
291,2,39.627417,42.798990,2.585786,0.065252
292,1,39.970563,39.970563,4.585786,0.114729
292,2,39.970563,39.727922,1.656854,0.041452
293,1,42.698485,41.526912,8.142136,0.190689
293,2,42.698485,37.627417,6.485281,0.151886
294,1,38.798990,38.798990,5.656854,0.145799
294,2,38.798990,38.798990,6.485281,0.167151
295,1,34.556349,34.556349,1.656854,0.047946
295,2,34.556349,34.556349,1.656854,0.047946
296,1,39.142136,39.142136,4.585786,0.117157
296,2,39.142136,37.384776,2.928932,0.074828
297,1,39.627417,39.627417,4.000000,0.100940
297,2,39.627417,39.627417,1.414214,0.035688
298,1,35.142136,35.142136,2.828427,0.080485
298,2,35.142136,35.142136,2.828427,0.080485
299,1,39.727922,39.727922,5.757359,0.144920
299,2,39.727922,39.727922,5.757359,0.144920
300,1,42.899495,40.556349,9.171573,0.213792
300,2,42.899495,42.899495,7.757359,0.180826
301,1,34.899495,34.899495,2.585786,0.074092
301,2,34.899495,34.899495,2.585786,0.074092
302,1,38.556349,38.556349,4.828427,0.125230
302,2,38.556349,38.556349,4.828427,0.125230
303,1,36.556349,36.556349,3.414214,0.093396
303,2,36.556349,36.556349,3.414214,0.093396
304,1,39.242641,39.242641,4.928932,0.125601
304,2,39.242641,36.071068,4.928932,0.125601
305,1,38.798990,38.798990,3.414214,0.087997
305,2,38.798990,38.798990,1.757359,0.045294
306,1,37.284271,37.284271,1.656854,0.044438
306,2,37.284271,37.284271,0.000000,0.000000
307,1,39.727922,39.727922,3.757359,0.094577
307,2,39.727922,39.727922,2.585786,0.065087
308,1,34.313708,33.727922,2.242641,0.065357
308,2,34.313708,34.313708,0.000000,0.000000
309,1,44.213203,44.213203,8.485281,0.191917
309,2,44.213203,43.627417,8.242641,0.186429
310,1,39.970563,39.970563,6.000000,0.150110
310,2,39.970563,39.970563,7.656854,0.191562
311,1,40.899495,40.899495,6.928932,0.169414
311,2,40.899495,40.899495,4.686292,0.114581
312,1,37.727922,37.727922,3.171573,0.084064
312,2,37.727922,37.727922,3.171573,0.084064
313,1,37.970563,37.970563,3.414214,0.089917
313,2,37.970563,37.970563,1.757359,0.046282
314,1,51.627417,47.627417,14.242641,0.275874
314,2,51.627417,45.970563,10.485281,0.203095
315,1,32.071068,32.071068,2.242641,0.069927
315,2,32.071068,32.071068,1.414214,0.044096
316,1,32.313708,32.313708,0.000000,0.000000
316,2,32.313708,32.313708,0.000000,0.000000
317,1,35.970563,35.384776,3.656854,0.101662
317,2,35.970563,35.970563,0.000000,0.000000
318,1,41.142136,41.142136,8.000000,0.194448
318,2,41.142136,41.142136,1.757359,0.042714
319,1,41.142136,41.142136,4.585786,0.111462
319,2,41.142136,41.142136,4.585786,0.111462
320,1,43.727922,37.627417,7.757359,0.177401
320,2,43.727922,42.556349,8.343146,0.190797
321,1,37.727922,36.213203,3.171573,0.084064
321,2,37.727922,35.970563,1.757359,0.046580
322,1,43.041631,43.041631,9.071068,0.210751
322,2,43.041631,43.041631,2.828427,0.065714
323,1,39.727922,39.727922,5.757359,0.144920
323,2,39.727922,39.727922,1.171573,0.029490
324,1,42.656854,42.656854,8.100505,0.189899
324,2,42.656854,39.142136,8.100505,0.189899
325,1,31.485281,31.485281,1.656854,0.052623
325,2,31.485281,31.485281,0.000000,0.000000
326,1,38.556349,38.556349,5.656854,0.146717
326,2,38.556349,38.556349,4.828427,0.125230
327,1,41.242641,41.242641,4.100505,0.099424
327,2,41.242641,38.899495,4.100505,0.099424
328,1,34.313708,34.313708,4.485281,0.130714
328,2,34.313708,33.727922,2.242641,0.065357
329,1,42.313708,42.313708,8.585786,0.202908
329,2,42.313708,42.313708,8.000000,0.189064
330,1,37.384776,37.384776,4.242641,0.113486
330,2,37.384776,36.798990,2.828427,0.075657
331,1,44.213203,44.213203,10.242641,0.231665
331,2,44.213203,44.213203,8.000000,0.180941
332,1,39.627417,38.455844,2.828427,0.071376
332,2,39.627417,39.627417,0.000000,0.000000
333,1,35.970563,35.970563,0.000000,0.000000
333,2,35.970563,35.970563,0.000000,0.000000
334,1,42.213203,42.213203,6.828427,0.161760
334,2,42.213203,42.213203,7.656854,0.181385
335,1,37.627417,37.627417,4.485281,0.119202
335,2,37.627417,37.627417,3.656854,0.097186
336,1,33.727922,33.727922,1.414214,0.041930
336,2,33.727922,33.727922,0.000000,0.000000
337,1,41.041631,41.041631,8.142136,0.198387
337,2,41.041631,37.041631,4.000000,0.097462
338,1,37.970563,37.970563,1.757359,0.046282
338,2,37.970563,37.970563,1.757359,0.046282
339,1,40.455844,40.455844,7.313708,0.180782
339,2,40.455844,40.455844,6.485281,0.160305
340,1,36.556349,35.384776,2.828427,0.077372
340,2,36.556349,36.556349,1.656854,0.045323
341,1,45.727922,45.727922,11.171573,0.244305
341,2,45.727922,45.727922,9.757359,0.213379
342,1,42.313708,39.041631,8.585786,0.202908
342,2,42.313708,43.627417,6.100505,0.144173
343,1,44.899495,43.142136,9.757359,0.217316
343,2,44.899495,44.899495,10.585786,0.235766
344,1,39.142136,39.142136,1.757359,0.044897
344,2,39.142136,39.142136,1.757359,0.044897
345,1,39.142136,39.142136,6.828427,0.174452
345,2,39.142136,39.142136,4.585786,0.117157
346,1,38.313708,38.313708,1.757359,0.045868
346,2,38.313708,38.313708,1.757359,0.045868
347,1,31.485281,31.485281,1.656854,0.052623
347,2,31.485281,31.485281,1.656854,0.052623
348,1,34.556349,34.556349,2.242641,0.064898
348,2,34.556349,34.556349,1.414214,0.040925
349,1,40.556349,39.384776,7.071068,0.174352
349,2,40.556349,40.556349,4.000000,0.098628
350,1,42.313708,41.727922,3.757359,0.088798
350,2,42.313708,42.313708,3.171573,0.074954
351,1,34.798990,34.798990,0.000000,0.000000
351,2,34.798990,34.798990,0.000000,0.000000
352,1,37.142136,36.556349,3.414214,0.091923
352,2,37.142136,37.142136,2.828427,0.076151
353,1,32.656854,32.656854,1.171573,0.035875
353,2,32.656854,32.656854,1.171573,0.035875
354,1,37.142136,37.142136,4.828427,0.129999
354,2,37.142136,35.970563,3.414214,0.091923
355,1,43.041631,43.041631,12.384776,0.287739
355,2,43.041631,43.041631,8.485281,0.197141
