2.500000,0.000000,0.000000,0.000000,0.000000,0.000000,0.000000,0.000000,2.500000
5.000000,0.000000,0.000000,0.000000,0.000000,0.000000,0.000000,0.000000,5.000000
7.500000,0.000000,0.000000,0.000000,0.000000,0.000000,0.000000,0.000000,7.500000
10.000000,0.000000,0.000000,0.000000,0.000000,0.000000,0.000000,0.000000,10.000000
12.500000,0.000000,0.000000,0.000000,0.000000,0.000000,0.000000,0.000000,12.500000
15.000000,0.000000,0.000000,0.000000,0.000000,0.000000,0.000000,0.000000,15.000000
17.500000,0.000000,0.000000,0.000000,0.000000,0.000000,0.000000,0.000000,17.500000
20.000000,0.000000,0.000000,0.000000,0.000000,0.000000,0.000000,0.000000,20.000000
22.500000,0.000000,0.000000,0.000000,0.000000,0.000000,0.000000,0.000000,22.500000
25.000000,0.000000,0.000000,0.000000,0.000000,0.000000,0.000000,0.000000,25.000000
27.500000,0.000000,0.000000,0.000000,0.000000,0.000000,0.000000,0.000000,27.500000
30.000000,0.000000,0.000000,0.000000,0.000000,0.000000,0.000000,0.000000,30.000000
5.000000,0.000000,-0.523599,0.000000,0.000000,0.059650,0.000000,-1.007662,4.999856
5.000000,0.000000,-0.349066,0.000000,0.000000,0.032348,0.000000,-0.640667,4.950631
5.000000,0.000000,-0.174533,0.000000,0.000000,0.015084,0.000000,-0.322030,4.935714
5.000000,0.000000,0.000000,0.000000,0.000000,0.000000,0.000000,0.000000,4.900000
5.000000,0.000000,0.174533,0.000000,0.000000,-0.024243,0.000000,0.312804,4.905185
5.000000,0.000000,0.349066,0.000000,0.000000,-0.040742,0.000000,0.660535,4.990067
5.000000,0.000000,0.523599,0.000000,0.000000,-0.059324,0.000000,1.016038,4.998854
5.000000,1.000000,-0.523599,0.000000,0.000000,0.210475,0.000000,-1.421040,5.188257
5.000000,1.000000,-0.349066,0.000000,0.000000,0.194074,0.000000,-1.129925,5.112024
5.000000,1.000000,-0.174533,0.000000,0.000000,0.172415,0.000000,-0.771886,5.149803
5.000000,1.000000,0.000000,0.000000,0.000000,0.158367,0.000000,-0.457159,5.074879
5.000000,1.000000,0.174533,0.000000,0.000000,0.139212,0.000000,-0.122544,5.044954
5.000000,1.000000,0.349066,0.000000,0.000000,0.116213,0.000000,0.178304,5.069874
5.000000,1.000000,0.523599,0.000000,0.000000,0.097273,0.000000,0.512831,5.089622
5.000000,2.000000,-0.523599,0.000000,0.000000,0.325652,0.000000,-1.713227,5.636682
5.000000,2.000000,-0.349066,0.000000,0.000000,0.308100,0.000000,-1.409493,5.590643
5.000000,2.000000,-0.174533,0.000000,0.000000,0.299484,0.000000,-1.132842,5.508290
5.000000,2.000000,0.000000,0.000000,0.000000,0.279321,0.000000,-0.825393,5.495309
5.000000,2.000000,0.174533,0.000000,0.000000,0.256400,0.000000,-0.503864,5.477224
5.000000,2.000000,0.349066,0.000000,0.000000,0.245418,0.000000,-0.184468,5.471222
5.000000,2.000000,0.523599,0.000000,0.000000,0.229067,0.000000,0.029628,5.459765
5.000000,3.000000,-0.523599,0.000000,0.000000,0.392641,0.000000,-1.819888,6.331818
5.000000,3.000000,-0.349066,0.000000,0.000000,0.382187,0.000000,-1.572333,6.242676
5.000000,3.000000,-0.174533,0.000000,0.000000,0.364646,0.000000,-1.318768,6.196874
5.000000,3.000000,0.000000,0.000000,0.000000,0.357369,0.000000,-1.059412,6.104501
5.000000,3.000000,0.174533,0.000000,0.000000,0.342608,0.000000,-0.782687,6.065980
5.000000,3.000000,0.349066,0.000000,0.000000,0.325840,0.000000,-0.497378,6.091485
5.000000,3.000000,0.523599,0.000000,0.000000,0.310615,0.000000,-0.237093,6.023964
5.000000,4.000000,-0.523599,0.000000,0.000000,0.413897,0.000000,-1.787845,7.225943
5.000000,4.000000,-0.349066,0.000000,0.000000,0.407434,0.000000,-1.620169,7.128111
5.000000,4.000000,-0.174533,0.000000,0.000000,0.400251,0.000000,-1.368884,7.021509
5.000000,4.000000,0.000000,0.000000,0.000000,0.387721,0.000000,-1.132802,6.957736
5.000000,4.000000,0.174533,0.000000,0.000000,0.382231,0.000000,-0.930300,6.849362
5.000000,4.000000,0.349066,0.000000,0.000000,0.364568,0.000000,-0.691956,6.882633
5.000000,4.000000,0.523599,0.000000,0.000000,0.359080,0.000000,-0.441531,6.723730
5.000000,5.000000,-0.523599,0.000000,0.000000,0.411041,0.000000,-1.725425,8.279462
5.000000,5.000000,-0.349066,0.000000,0.000000,0.409112,0.000000,-1.568005,8.172380
5.000000,5.000000,-0.174533,0.000000,0.000000,0.408626,0.000000,-1.387530,8.009345
5.000000,5.000000,0.000000,0.000000,0.000000,0.396233,0.000000,-1.161445,7.918450
5.000000,5.000000,0.174533,0.000000,0.000000,0.393317,0.000000,-0.983000,7.808434
5.000000,5.000000,0.349066,0.000000,0.000000,0.380039,0.000000,-0.779836,7.739065
5.000000,5.000000,0.523599,0.000000,0.000000,0.369871,0.000000,-0.566106,7.661998
5.000000,-1.000000,-0.523599,0.000000,0.000000,-0.096181,0.000000,-0.514254,5.022007
5.000000,-1.000000,-0.349066,0.000000,0.000000,-0.124697,0.000000,-0.149048,5.062660
5.000000,-1.000000,-0.174533,0.000000,0.000000,-0.138654,0.000000,0.124315,5.060248
5.000000,-1.000000,0.000000,0.000000,0.000000,-0.157315,0.000000,0.451129,5.093368
5.000000,-1.000000,0.174533,0.000000,0.000000,-0.169808,0.000000,0.763237,5.192656
5.000000,-1.000000,0.349066,0.000000,0.000000,-0.194028,0.000000,1.120723,5.125728
5.000000,-1.000000,0.523599,0.000000,0.000000,-0.216807,0.000000,1.447565,5.109889
5.000000,-2.000000,-0.523599,0.000000,0.000000,-0.226302,0.000000,-0.084601,5.455576
5.000000,-2.000000,-0.349066,0.000000,0.000000,-0.245879,0.000000,0.203715,5.439394
5.000000,-2.000000,-0.174533,0.000000,0.000000,-0.264179,0.000000,0.512531,5.476754
5.000000,-2.000000,0.000000,0.000000,0.000000,-0.279217,0.000000,0.825704,5.499793
5.000000,-2.000000,0.174533,0.000000,0.000000,-0.298789,0.000000,1.137196,5.511264
5.000000,-2.000000,0.349066,0.000000,0.000000,-0.306800,0.000000,1.415685,5.596447
5.000000,-2.000000,0.523599,0.000000,0.000000,-0.326467,0.000000,1.715031,5.638363
5.000000,-3.000000,-0.523599,0.000000,0.000000,-0.311833,0.000000,0.223931,6.022005
5.000000,-3.000000,-0.349066,0.000000,0.000000,-0.323619,0.000000,0.502932,6.091993
5.000000,-3.000000,-0.174533,0.000000,0.000000,-0.345902,0.000000,0.787227,6.037252
5.000000,-3.000000,0.000000,0.000000,0.000000,-0.360723,0.000000,1.052929,6.101653
5.000000,-3.000000,0.174533,0.000000,0.000000,-0.364579,0.000000,1.315317,6.195830
5.000000,-3.000000,0.349066,0.000000,0.000000,-0.381659,0.000000,1.574756,6.243404
5.000000,-3.000000,0.523599,0.000000,0.000000,-0.392706,0.000000,1.819040,6.331514
5.000000,-4.000000,-0.523599,0.000000,0.000000,-0.356871,0.000000,0.442540,6.754859
5.000000,-4.000000,-0.349066,0.000000,0.000000,-0.370109,0.000000,0.683719,6.812164
5.000000,-4.000000,-0.174533,0.000000,0.000000,-0.379046,0.000000,0.915661,6.878601
5.000000,-4.000000,0.000000,0.000000,0.000000,-0.395216,0.000000,1.157142,6.910080
5.000000,-4.000000,0.174533,0.000000,0.000000,-0.399907,0.000000,1.397032,7.025231
5.000000,-4.000000,0.349066,0.000000,0.000000,-0.405995,0.000000,1.571842,7.120865
5.000000,-4.000000,0.523599,0.000000,0.000000,-0.414215,0.000000,1.778281,7.223664
5.000000,-5.000000,-0.523599,0.000000,0.000000,-0.375893,0.000000,0.557999,7.608696
5.000000,-5.000000,-0.349066,0.000000,0.000000,-0.379960,0.000000,0.779445,7.740061
5.000000,-5.000000,-0.174533,0.000000,0.000000,-0.387202,0.000000,0.968034,7.838564
5.000000,-5.000000,0.000000,0.000000,0.000000,-0.396307,0.000000,1.161917,7.918090
5.000000,-5.000000,0.174533,0.000000,0.000000,-0.403085,0.000000,1.346801,8.022446
5.000000,-5.000000,0.349066,0.000000,0.000000,-0.403925,0.000000,1.553139,8.194100
5.000000,-5.000000,0.523599,0.000000,0.000000,-0.411106,0.000000,1.732534,8.297718
10.000000,0.000000,-0.523599,0.000000,0.000000,0.029336,0.000000,-0.492568,10.033132
10.000000,0.000000,-0.349066,0.000000,0.000000,0.018832,0.000000,-0.332453,9.933131
10.000000,0.000000,-0.174533,0.000000,0.000000,0.011170,0.000000,-0.164935,9.908995
10.000000,0.000000,0.000000,0.000000,0.000000,0.000000,0.000000,0.000000,9.900000
10.000000,0.000000,0.174533,0.000000,0.000000,-0.010443,0.000000,0.164169,9.919585
10.000000,0.000000,0.349066,0.000000,0.000000,-0.019846,0.000000,0.334163,9.969490
10.000000,0.000000,0.523599,0.000000,0.000000,-0.028207,0.000000,0.490187,10.090253
10.000000,1.000000,-0.523599,0.000000,0.000000,0.067068,0.000000,-0.603520,10.176756
10.000000,1.000000,-0.349066,0.000000,0.000000,0.058948,0.000000,-0.447976,10.087621
10.000000,1.000000,-0.174533,0.000000,0.000000,0.050724,0.000000,-0.281398,10.001692
10.000000,1.000000,0.000000,0.000000,0.000000,0.040122,0.000000,-0.117891,10.016567
10.000000,1.000000,0.174533,0.000000,0.000000,0.029858,0.000000,0.039748,10.023020
10.000000,1.000000,0.349066,0.000000,0.000000,0.020690,0.000000,0.214346,10.030634
10.000000,1.000000,0.523599,0.000000,0.000000,0.012073,0.000000,0.379871,10.069906
10.000000,2.000000,-0.523599,0.000000,0.000000,0.103813,0.000000,-0.712871,10.400117
10.000000,2.000000,-0.349066,0.000000,0.000000,0.094574,0.000000,-0.541904,10.362088
10.000000,2.000000,-0.174533,0.000000,0.000000,0.086424,0.000000,-0.383072,10.298008
10.000000,2.000000,0.000000,0.000000,0.000000,0.075974,0.000000,-0.220559,10.276638
10.000000,2.000000,0.174533,0.000000,0.000000,0.068029,0.000000,-0.065762,10.276325
10.000000,2.000000,0.349066,0.000000,0.000000,0.058750,0.000000,0.096148,10.171184
10.000000,2.000000,0.523599,0.000000,0.000000,0.049119,0.000000,0.258815,10.207934
10.000000,3.000000,-0.523599,0.000000,0.000000,0.135067,0.000000,-0.783380,10.736402
10.000000,3.000000,-0.349066,0.000000,0.000000,0.127206,0.000000,-0.640706,10.698848
10.000000,3.000000,-0.174533,0.000000,0.000000,0.120321,0.000000,-0.478090,10.604494
10.000000,3.000000,0.000000,0.000000,0.000000,0.109005,0.000000,-0.327573,10.595581
10.000000,3.000000,0.174533,0.000000,0.000000,0.102548,0.000000,-0.169515,10.502826
10.000000,3.000000,0.349066,0.000000,0.000000,0.092795,0.000000,-0.010972,10.540588
10.000000,3.000000,0.523599,0.000000,0.000000,0.083954,0.000000,0.147453,10.524516
10.000000,4.000000,-0.523599,0.000000,0.000000,0.159867,0.000000,-0.850753,11.291390
10.000000,4.000000,-0.349066,0.000000,0.000000,0.153133,0.000000,-0.711163,11.196756
10.000000,4.000000,-0.174533,0.000000,0.000000,0.147264,0.000000,-0.562593,11.020573
10.000000,4.000000,0.000000,0.000000,0.000000,0.138895,0.000000,-0.415891,11.009740
10.000000,4.000000,0.174533,0.000000,0.000000,0.130349,0.000000,-0.259857,10.900540
10.000000,4.000000,0.349066,0.000000,0.000000,0.122309,0.000000,-0.099290,10.949664
10.000000,4.000000,0.523599,0.000000,0.000000,0.113175,0.000000,0.041312,10.904907
10.000000,5.000000,-0.523599,0.000000,0.000000,0.178843,0.000000,-0.889054,11.945018
10.000000,5.000000,-0.349066,0.000000,0.000000,0.173447,0.000000,-0.756774,11.808704
10.000000,5.000000,-0.174533,0.000000,0.000000,0.167105,0.000000,-0.619311,11.694766
10.000000,5.000000,0.000000,0.000000,0.000000,0.160207,0.000000,-0.480251,11.599794
10.000000,5.000000,0.174533,0.000000,0.000000,0.152727,0.000000,-0.327720,11.566713
10.000000,5.000000,0.349066,0.000000,0.000000,0.144460,0.000000,-0.190226,11.467413
10.000000,5.000000,0.523599,0.000000,0.000000,0.137290,0.000000,-0.040289,11.439846
10.000000,-1.000000,-0.523599,0.000000,0.000000,-0.011925,0.000000,-0.366187,10.084733
10.000000,-1.000000,-0.349066,0.000000,0.000000,-0.020760,0.000000,-0.214125,10.037789
10.000000,-1.000000,-0.174533,0.000000,0.000000,-0.030406,0.000000,-0.048037,10.054282
10.000000,-1.000000,0.000000,0.000000,0.000000,-0.040147,0.000000,0.113084,10.042029
10.000000,-1.000000,0.174533,0.000000,0.000000,-0.050281,0.000000,0.279413,10.031803
10.000000,-1.000000,0.349066,0.000000,0.000000,-0.059984,0.000000,0.450802,10.002865
10.000000,-1.000000,0.523599,0.000000,0.000000,-0.068155,0.000000,0.614807,10.137533
10.000000,-2.000000,-0.523599,0.000000,0.000000,-0.049599,0.000000,-0.258624,10.296806
10.000000,-2.000000,-0.349066,0.000000,0.000000,-0.059514,0.000000,-0.095049,10.191508
10.000000,-2.000000,-0.174533,0.000000,0.000000,-0.068146,0.000000,0.067995,10.213544
10.000000,-2.000000,0.000000,0.000000,0.000000,-0.078068,0.000000,0.226984,10.218607
10.000000,-2.000000,0.174533,0.000000,0.000000,-0.085791,0.000000,0.393760,10.275947
10.000000,-2.000000,0.349066,0.000000,0.000000,-0.095144,0.000000,0.551765,10.333469
10.000000,-2.000000,0.523599,0.000000,0.000000,-0.104136,0.000000,0.703582,10.421958
10.000000,-3.000000,-0.523599,0.000000,0.000000,-0.083632,0.000000,-0.142280,10.546167
10.000000,-3.000000,-0.349066,0.000000,0.000000,-0.092661,0.000000,0.011138,10.588913
10.000000,-3.000000,-0.174533,0.000000,0.000000,-0.102287,0.000000,0.171189,10.513495
10.000000,-3.000000,0.000000,0.000000,0.000000,-0.111140,0.000000,0.332925,10.529710
10.000000,-3.000000,0.174533,0.000000,0.000000,-0.119917,0.000000,0.480907,10.612205
10.000000,-3.000000,0.349066,0.000000,0.000000,-0.127460,0.000000,0.643876,10.690433
10.000000,-3.000000,0.523599,0.000000,0.000000,-0.134515,0.000000,0.788893,10.796749
10.000000,-4.000000,-0.523599,0.000000,0.000000,-0.113004,0.000000,-0.043044,10.972041
10.000000,-4.000000,-0.349066,0.000000,0.000000,-0.122293,0.000000,0.100565,10.948562
10.000000,-4.000000,-0.174533,0.000000,0.000000,-0.130818,0.000000,0.255812,10.981469
10.000000,-4.000000,0.000000,0.000000,0.000000,-0.138075,0.000000,0.407024,11.049690
10.000000,-4.000000,0.174533,0.000000,0.000000,-0.147381,0.000000,0.567371,11.119039
10.000000,-4.000000,0.349066,0.000000,0.000000,-0.153190,0.000000,0.707189,11.198565
10.000000,-4.000000,0.523599,0.000000,0.000000,-0.160222,0.000000,0.842014,11.307506
10.000000,-5.000000,-0.523599,0.000000,0.000000,-0.137742,0.000000,0.040650,11.404867
10.000000,-5.000000,-0.349066,0.000000,0.000000,-0.146322,0.000000,0.187942,11.420401
10.000000,-5.000000,-0.174533,0.000000,0.000000,-0.152496,0.000000,0.330266,11.553263
10.000000,-5.000000,0.000000,0.000000,0.000000,-0.160270,0.000000,0.480205,11.598049
10.000000,-5.000000,0.174533,0.000000,0.000000,-0.167070,0.000000,0.619180,11.695629
10.000000,-5.000000,0.349066,0.000000,0.000000,-0.173029,0.000000,0.746831,11.819581
10.000000,-5.000000,0.523599,0.000000,0.000000,-0.178987,0.000000,0.889194,11.945404
15.000000,0.000000,-0.523599,0.000000,0.000000,0.018864,0.000000,-0.329147,15.085682
15.000000,0.000000,-0.349066,0.000000,0.000000,0.012112,0.000000,-0.220333,14.993342
15.000000,0.000000,-0.174533,0.000000,0.000000,0.006557,0.000000,-0.105165,14.938214
15.000000,0.000000,0.000000,0.000000,0.000000,0.000000,0.000000,0.000000,14.900000
15.000000,0.000000,0.174533,0.000000,0.000000,-0.006522,0.000000,0.110798,14.948929
15.000000,0.000000,0.349066,0.000000,0.000000,-0.012805,0.000000,0.220174,15.013327
15.000000,0.000000,0.523599,0.000000,0.000000,-0.018701,0.000000,0.328553,15.098946
15.000000,1.000000,-0.523599,0.000000,0.000000,0.036088,0.000000,-0.383338,15.177638
15.000000,1.000000,-0.349066,0.000000,0.000000,0.030418,0.000000,-0.272436,15.086363
15.000000,1.000000,-0.174533,0.000000,0.000000,0.024105,0.000000,-0.160435,15.061531
15.000000,1.000000,0.000000,0.000000,0.000000,0.017753,0.000000,-0.052885,14.961115
15.000000,1.000000,0.174533,0.000000,0.000000,0.011231,0.000000,0.057583,14.907545
15.000000,1.000000,0.349066,0.000000,0.000000,0.005055,0.000000,0.167795,15.034109
15.000000,1.000000,0.523599,0.000000,0.000000,-0.001043,0.000000,0.280757,15.078665
15.000000,2.000000,-0.523599,0.000000,0.000000,0.053456,0.000000,-0.431578,15.327239
15.000000,2.000000,-0.349066,0.000000,0.000000,0.047839,0.000000,-0.324711,15.214526
15.000000,2.000000,-0.174533,0.000000,0.000000,0.041275,0.000000,-0.212488,15.199793
15.000000,2.000000,0.000000,0.000000,0.000000,0.035389,0.000000,-0.101233,15.133038
15.000000,2.000000,0.174533,0.000000,0.000000,0.028692,0.000000,0.003449,15.159498
15.000000,2.000000,0.349066,0.000000,0.000000,0.022383,0.000000,0.114607,15.120448
15.000000,2.000000,0.523599,0.000000,0.000000,0.016303,0.000000,0.226546,15.168563
15.000000,3.000000,-0.523599,0.000000,0.000000,0.069127,0.000000,-0.468240,15.614610
15.000000,3.000000,-0.349066,0.000000,0.000000,0.063106,0.000000,-0.368899,15.518290
15.000000,3.000000,-0.174533,0.000000,0.000000,0.057736,0.000000,-0.258123,15.424270
15.000000,3.000000,0.000000,0.000000,0.000000,0.051445,0.000000,-0.153941,15.318584
15.000000,3.000000,0.174533,0.000000,0.000000,0.045533,0.000000,-0.043242,15.312621
15.000000,3.000000,0.349066,0.000000,0.000000,0.038984,0.000000,0.060850,15.312187
15.000000,3.000000,0.523599,0.000000,0.000000,0.032597,0.000000,0.169579,15.335170
15.000000,4.000000,-0.523599,0.000000,0.000000,0.082858,0.000000,-0.508149,15.992886
15.000000,4.000000,-0.349066,0.000000,0.000000,0.078321,0.000000,-0.409568,15.832164
15.000000,4.000000,-0.174533,0.000000,0.000000,0.073018,0.000000,-0.305514,15.709483
15.000000,4.000000,0.000000,0.000000,0.000000,0.066195,0.000000,-0.197070,15.625476
15.000000,4.000000,0.174533,0.000000,0.000000,0.060369,0.000000,-0.092432,15.693588
15.000000,4.000000,0.349066,0.000000,0.000000,0.054560,0.000000,0.014077,15.683717
15.000000,4.000000,0.523599,0.000000,0.000000,0.048538,0.000000,0.120036,15.643246
15.000000,5.000000,-0.523599,0.000000,0.000000,0.096002,0.000000,-0.542422,16.420928
15.000000,5.000000,-0.349066,0.000000,0.000000,0.090677,0.000000,-0.440917,16.297216
15.000000,5.000000,-0.174533,0.000000,0.000000,0.085867,0.000000,-0.343171,16.153599
15.000000,5.000000,0.000000,0.000000,0.000000,0.080322,0.000000,-0.239936,16.068775
15.000000,5.000000,0.174533,0.000000,0.000000,0.074672,0.000000,-0.136738,16.030411
15.000000,5.000000,0.349066,0.000000,0.000000,0.069216,0.000000,-0.026332,15.917681
15.000000,5.000000,0.523599,0.000000,0.000000,0.062719,0.000000,0.072076,15.991405
15.000000,-1.000000,-0.523599,0.000000,0.000000,0.001033,0.000000,-0.279884,15.083433
15.000000,-1.000000,-0.349066,0.000000,0.000000,-0.004989,0.000000,-0.166038,15.039026
15.000000,-1.000000,-0.174533,0.000000,0.000000,-0.012175,0.000000,-0.046299,14.963124
15.000000,-1.000000,0.000000,0.000000,0.000000,-0.018096,0.000000,0.052243,14.934085
15.000000,-1.000000,0.174533,0.000000,0.000000,-0.024596,0.000000,0.159847,15.003967
15.000000,-1.000000,0.349066,0.000000,0.000000,-0.030069,0.000000,0.275487,15.098237
15.000000,-1.000000,0.523599,0.000000,0.000000,-0.036518,0.000000,0.379224,15.164590
15.000000,-2.000000,-0.523599,0.000000,0.000000,-0.016245,0.000000,-0.222201,15.195213
15.000000,-2.000000,-0.349066,0.000000,0.000000,-0.022480,0.000000,-0.109925,15.189508
15.000000,-2.000000,-0.174533,0.000000,0.000000,-0.028605,0.000000,-0.002097,15.147904
15.000000,-2.000000,0.000000,0.000000,0.000000,-0.035374,0.000000,0.102194,15.128272
15.000000,-2.000000,0.174533,0.000000,0.000000,-0.041552,0.000000,0.212733,15.173502
15.000000,-2.000000,0.349066,0.000000,0.000000,-0.047239,0.000000,0.324716,15.209307
15.000000,-2.000000,0.523599,0.000000,0.000000,-0.053509,0.000000,0.431270,15.326465
15.000000,-3.000000,-0.523599,0.000000,0.000000,-0.032819,0.000000,-0.169724,15.359752
15.000000,-3.000000,-0.349066,0.000000,0.000000,-0.039687,0.000000,-0.050766,15.335580
15.000000,-3.000000,-0.174533,0.000000,0.000000,-0.045641,0.000000,0.042040,15.316139
15.000000,-3.000000,0.000000,0.000000,0.000000,-0.051896,0.000000,0.150402,15.353488
15.000000,-3.000000,0.174533,0.000000,0.000000,-0.057578,0.000000,0.261968,15.419152
15.000000,-3.000000,0.349066,0.000000,0.000000,-0.063356,0.000000,0.363643,15.519400
15.000000,-3.000000,0.523599,0.000000,0.000000,-0.069443,0.000000,0.468748,15.602952
15.000000,-4.000000,-0.523599,0.000000,0.000000,-0.048349,0.000000,-0.117912,15.623869
15.000000,-4.000000,-0.349066,0.000000,0.000000,-0.054448,0.000000,-0.012310,15.693955
15.000000,-4.000000,-0.174533,0.000000,0.000000,-0.060829,0.000000,0.092093,15.621966
15.000000,-4.000000,0.000000,0.000000,0.000000,-0.066455,0.000000,0.199287,15.676792
15.000000,-4.000000,0.174533,0.000000,0.000000,-0.072964,0.000000,0.306189,15.711827
15.000000,-4.000000,0.349066,0.000000,0.000000,-0.078164,0.000000,0.408910,15.838353
15.000000,-4.000000,0.523599,0.000000,0.000000,-0.082900,0.000000,0.507829,15.991766
15.000000,-5.000000,-0.523599,0.000000,0.000000,-0.062489,0.000000,-0.068577,15.999802
15.000000,-5.000000,-0.349066,0.000000,0.000000,-0.068802,0.000000,0.029187,15.995015
15.000000,-5.000000,-0.174533,0.000000,0.000000,-0.074490,0.000000,0.133727,16.041121
15.000000,-5.000000,0.000000,0.000000,0.000000,-0.079693,0.000000,0.239162,16.089207
15.000000,-5.000000,0.174533,0.000000,0.000000,-0.085356,0.000000,0.341270,16.189442
15.000000,-5.000000,0.349066,0.000000,0.000000,-0.090736,0.000000,0.441304,16.247911
15.000000,-5.000000,0.523599,0.000000,0.000000,-0.095261,0.000000,0.536238,16.448950
20.000000,0.000000,-0.523599,0.000000,0.000000,0.013691,0.000000,-0.247711,20.090717
20.000000,0.000000,-0.349066,0.000000,0.000000,0.009319,0.000000,-0.165982,20.007631
20.000000,0.000000,-0.174533,0.000000,0.000000,0.004756,0.000000,-0.083357,19.981087
20.000000,0.000000,0.000000,0.000000,0.000000,0.000000,0.000000,0.000000,20.000000
20.000000,0.000000,0.174533,0.000000,0.000000,-0.004826,0.000000,0.082797,19.963432
20.000000,0.000000,0.349066,0.000000,0.000000,-0.009606,0.000000,0.165469,20.013571
20.000000,0.000000,0.523599,0.000000,0.000000,-0.014074,0.000000,0.249781,20.102668
20.000000,1.000000,-0.523599,0.000000,0.000000,0.023923,0.000000,-0.278328,20.183549
20.000000,1.000000,-0.349066,0.000000,0.000000,0.019389,0.000000,-0.195094,20.098922
20.000000,1.000000,-0.174533,0.000000,0.000000,0.014382,0.000000,-0.112839,20.075253
20.000000,1.000000,0.000000,0.000000,0.000000,0.009686,0.000000,-0.024811,19.971007
20.000000,1.000000,0.174533,0.000000,0.000000,0.005580,0.000000,0.052400,19.944760
20.000000,1.000000,0.349066,0.000000,0.000000,0.000539,0.000000,0.135330,20.052930
20.000000,1.000000,0.523599,0.000000,0.000000,-0.004136,0.000000,0.220459,20.089743
20.000000,2.000000,-0.523599,0.000000,0.000000,0.033885,0.000000,-0.305925,20.300105
20.000000,2.000000,-0.349066,0.000000,0.000000,0.029082,0.000000,-0.225140,20.219035
20.000000,2.000000,-0.174533,0.000000,0.000000,0.024798,0.000000,-0.140549,20.112986
20.000000,2.000000,0.000000,0.000000,0.000000,0.020121,0.000000,-0.059035,20.015806
20.000000,2.000000,0.174533,0.000000,0.000000,0.015093,0.000000,0.022546,20.068117
20.000000,2.000000,0.349066,0.000000,0.000000,0.010430,0.000000,0.107092,20.094728
20.000000,2.000000,0.523599,0.000000,0.000000,0.006005,0.000000,0.188525,20.189627
20.000000,3.000000,-0.523599,0.000000,0.000000,0.042823,0.000000,-0.331388,20.542621
20.000000,3.000000,-0.349066,0.000000,0.000000,0.038402,0.000000,-0.251734,20.426028
20.000000,3.000000,-0.174533,0.000000,0.000000,0.034037,0.000000,-0.170477,20.321740
20.000000,3.000000,0.000000,0.000000,0.000000,0.029311,0.000000,-0.087289,20.278299
20.000000,3.000000,0.174533,0.000000,0.000000,0.024908,0.000000,-0.004527,20.200551
20.000000,3.000000,0.349066,0.000000,0.000000,0.020131,0.000000,0.076596,20.276544
20.000000,3.000000,0.523599,0.000000,0.000000,0.015442,0.000000,0.160462,20.277937
20.000000,4.000000,-0.523599,0.000000,0.000000,0.051590,0.000000,-0.353319,20.831243
20.000000,4.000000,-0.349066,0.000000,0.000000,0.047353,0.000000,-0.275916,20.692478
20.000000,4.000000,-0.174533,0.000000,0.000000,0.043219,0.000000,-0.194701,20.568946
20.000000,4.000000,0.000000,0.000000,0.000000,0.038685,0.000000,-0.115404,20.483227
20.000000,4.000000,0.174533,0.000000,0.000000,0.033745,0.000000,-0.027956,20.427811
20.000000,4.000000,0.349066,0.000000,0.000000,0.029345,0.000000,0.047051,20.474864
20.000000,4.000000,0.523599,0.000000,0.000000,0.024511,0.000000,0.129158,20.405288
20.000000,5.000000,-0.523599,0.000000,0.000000,0.059470,0.000000,-0.373337,21.202678
20.000000,5.000000,-0.349066,0.000000,0.000000,0.055858,0.000000,-0.296601,21.015993
20.000000,5.000000,-0.174533,0.000000,0.000000,0.051503,0.000000,-0.221157,20.896139
20.000000,5.000000,0.000000,0.000000,0.000000,0.047192,0.000000,-0.141704,20.799819
20.000000,5.000000,0.174533,0.000000,0.000000,0.042712,0.000000,-0.060152,20.766877
20.000000,5.000000,0.349066,0.000000,0.000000,0.038816,0.000000,0.006758,20.749081
20.000000,5.000000,0.523599,0.000000,0.000000,0.033616,0.000000,0.099272,20.783599
20.000000,-1.000000,-0.523599,0.000000,0.000000,0.004068,0.000000,-0.219470,20.047950
20.000000,-1.000000,-0.349066,0.000000,0.000000,-0.000413,0.000000,-0.134391,20.034103
20.000000,-1.000000,-0.174533,0.000000,0.000000,-0.005354,0.000000,-0.053626,19.900812
20.000000,-1.000000,0.000000,0.000000,0.000000,-0.010188,0.000000,0.027945,19.952803
20.000000,-1.000000,0.174533,0.000000,0.000000,-0.014672,0.000000,0.110819,20.082696
20.000000,-1.000000,0.349066,0.000000,0.000000,-0.019387,0.000000,0.195572,20.094518
20.000000,-1.000000,0.523599,0.000000,0.000000,-0.023888,0.000000,0.277672,20.191271
20.000000,-2.000000,-0.523599,0.000000,0.000000,-0.005652,0.000000,-0.187866,20.158550
20.000000,-2.000000,-0.349066,0.000000,0.000000,-0.010522,0.000000,-0.106881,20.079079
20.000000,-2.000000,-0.174533,0.000000,0.000000,-0.015030,0.000000,-0.021457,20.073583
20.000000,-2.000000,0.000000,0.000000,0.000000,-0.020022,0.000000,0.059320,20.042548
20.000000,-2.000000,0.174533,0.000000,0.000000,-0.024826,0.000000,0.140692,20.105923
20.000000,-2.000000,0.349066,0.000000,0.000000,-0.028910,0.000000,0.222839,20.220952
20.000000,-2.000000,0.523599,0.000000,0.000000,-0.033503,0.000000,0.306031,20.332407
20.000000,-3.000000,-0.523599,0.000000,0.000000,-0.015432,0.000000,-0.158956,20.287190
20.000000,-3.000000,-0.349066,0.000000,0.000000,-0.019885,0.000000,-0.074544,20.201066
20.000000,-3.000000,-0.174533,0.000000,0.000000,-0.024920,0.000000,0.003280,20.246821
20.000000,-3.000000,0.000000,0.000000,0.000000,-0.029504,0.000000,0.087368,20.264278
20.000000,-3.000000,0.174533,0.000000,0.000000,-0.034190,0.000000,0.168125,20.316690
20.000000,-3.000000,0.349066,0.000000,0.000000,-0.038541,0.000000,0.247812,20.434780
20.000000,-3.000000,0.523599,0.000000,0.000000,-0.042760,0.000000,0.330631,20.550738
20.000000,-4.000000,-0.523599,0.000000,0.000000,-0.025098,0.000000,-0.128571,20.412158
20.000000,-4.000000,-0.349066,0.000000,0.000000,-0.030155,0.000000,-0.035966,20.400213
20.000000,-4.000000,-0.174533,0.000000,0.000000,-0.034065,0.000000,0.031997,20.491934
20.000000,-4.000000,0.000000,0.000000,0.000000,-0.038658,0.000000,0.115077,20.493160
20.000000,-4.000000,0.174533,0.000000,0.000000,-0.042690,0.000000,0.195962,20.586122
20.000000,-4.000000,0.349066,0.000000,0.000000,-0.047739,0.000000,0.277970,20.601894
20.000000,-4.000000,0.523599,0.000000,0.000000,-0.051720,0.000000,0.353967,20.820008
20.000000,-5.000000,-0.523599,0.000000,0.000000,-0.033528,0.000000,-0.098466,20.763736
20.000000,-5.000000,-0.349066,0.000000,0.000000,-0.038063,0.000000,-0.018038,20.758378
20.000000,-5.000000,-0.174533,0.000000,0.000000,-0.042776,0.000000,0.059628,20.758865
20.000000,-5.000000,0.000000,0.000000,0.000000,-0.047200,0.000000,0.141631,20.823991
20.000000,-5.000000,0.174533,0.000000,0.000000,-0.051484,0.000000,0.220946,20.899781
20.000000,-5.000000,0.349066,0.000000,0.000000,-0.055833,0.000000,0.299498,21.008559
20.000000,-5.000000,0.523599,0.000000,0.000000,-0.059464,0.000000,0.374941,21.198565
25.000000,0.000000,-0.523599,0.000000,0.000000,0.011192,0.000000,-0.198830,25.152388
25.000000,0.000000,-0.349066,0.000000,0.000000,0.007488,0.000000,-0.131779,25.082340
25.000000,0.000000,-0.174533,0.000000,0.000000,0.003799,0.000000,-0.066909,24.969830
25.000000,0.000000,0.000000,0.000000,0.000000,0.000000,0.000000,0.000000,25.000000
25.000000,0.000000,0.174533,0.000000,0.000000,-0.003829,0.000000,0.066107,24.977905
25.000000,0.000000,0.349066,0.000000,0.000000,-0.007623,0.000000,0.133531,25.014513
25.000000,0.000000,0.523599,0.000000,0.000000,-0.011006,0.000000,0.199165,25.118283
25.000000,1.000000,-0.523599,0.000000,0.000000,0.017421,0.000000,-0.218299,25.225535
25.000000,1.000000,-0.349066,0.000000,0.000000,0.013941,0.000000,-0.152611,25.082997
25.000000,1.000000,-0.174533,0.000000,0.000000,0.009829,0.000000,-0.081813,25.088478
25.000000,1.000000,0.000000,0.000000,0.000000,0.006483,0.000000,-0.017969,24.986444
25.000000,1.000000,0.174533,0.000000,0.000000,0.002548,0.000000,0.047647,24.923105
25.000000,1.000000,0.349066,0.000000,0.000000,-0.001251,0.000000,0.112795,25.034134
25.000000,1.000000,0.523599,0.000000,0.000000,-0.004805,0.000000,0.177902,25.167222
25.000000,2.000000,-0.523599,0.000000,0.000000,0.023866,0.000000,-0.235862,25.318372
25.000000,2.000000,-0.349066,0.000000,0.000000,0.020263,0.000000,-0.169422,25.202990
25.000000,2.000000,-0.174533,0.000000,0.000000,0.016533,0.000000,-0.104957,25.100348
25.000000,2.000000,0.000000,0.000000,0.000000,0.012827,0.000000,-0.036976,25.065920
25.000000,2.000000,0.174533,0.000000,0.000000,0.008895,0.000000,0.026558,25.095381
25.000000,2.000000,0.349066,0.000000,0.000000,0.005197,0.000000,0.094624,25.094401
25.000000,2.000000,0.523599,0.000000,0.000000,0.001722,0.000000,0.160608,25.199477
25.000000,3.000000,-0.523599,0.000000,0.000000,0.029951,0.000000,-0.252178,25.501040
25.000000,3.000000,-0.349066,0.000000,0.000000,0.026226,0.000000,-0.186929,25.398975
25.000000,3.000000,-0.174533,0.000000,0.000000,0.022677,0.000000,-0.122449,25.275750
25.000000,3.000000,0.000000,0.000000,0.000000,0.019023,0.000000,-0.056559,25.193679
25.000000,3.000000,0.174533,0.000000,0.000000,0.015200,0.000000,0.008707,25.193745
25.000000,3.000000,0.349066,0.000000,0.000000,0.011428,0.000000,0.075807,25.136491
25.000000,3.000000,0.523599,0.000000,0.000000,0.007755,0.000000,0.141838,25.249017
25.000000,4.000000,-0.523599,0.000000,0.000000,0.035457,0.000000,-0.267998,25.778312
25.000000,4.000000,-0.349066,0.000000,0.000000,0.032142,0.000000,-0.205583,25.599242
25.000000,4.000000,-0.174533,0.000000,0.000000,0.028709,0.000000,-0.140128,25.466021
25.000000,4.000000,0.000000,0.000000,0.000000,0.025162,0.000000,-0.074268,25.312746
25.000000,4.000000,0.174533,0.000000,0.000000,0.021390,0.000000,-0.008028,25.370709
25.000000,4.000000,0.349066,0.000000,0.000000,0.017542,0.000000,0.056058,25.343422
25.000000,4.000000,0.523599,0.000000,0.000000,0.013942,0.000000,0.122331,25.438848
25.000000,5.000000,-0.523599,0.000000,0.000000,0.041100,0.000000,-0.283076,26.054688
25.000000,5.000000,-0.349066,0.000000,0.000000,0.037794,0.000000,-0.220406,25.883781
25.000000,5.000000,-0.174533,0.000000,0.000000,0.034529,0.000000,-0.157170,25.703920
25.000000,5.000000,0.000000,0.000000,0.000000,0.030573,0.000000,-0.091271,25.651478
25.000000,5.000000,0.174533,0.000000,0.000000,0.027262,0.000000,-0.026376,25.572681
25.000000,5.000000,0.349066,0.000000,0.000000,0.023491,0.000000,0.037935,25.565711
25.000000,5.000000,0.523599,0.000000,0.000000,0.019884,0.000000,0.104158,25.621321
25.000000,-1.000000,-0.523599,0.000000,0.000000,0.004801,0.000000,-0.178020,25.168157
25.000000,-1.000000,-0.349066,0.000000,0.000000,0.001186,0.000000,-0.114517,25.021065
25.000000,-1.000000,-0.174533,0.000000,0.000000,-0.002511,0.000000,-0.046758,24.936130
25.000000,-1.000000,0.000000,0.000000,0.000000,-0.006487,0.000000,0.018086,24.969989
25.000000,-1.000000,0.174533,0.000000,0.000000,-0.010241,0.000000,0.085592,25.000538
25.000000,-1.000000,0.349066,0.000000,0.000000,-0.013900,0.000000,0.151672,25.044751
25.000000,-1.000000,0.523599,0.000000,0.000000,-0.017307,0.000000,0.217054,25.257575
25.000000,-2.000000,-0.523599,0.000000,0.000000,-0.001528,0.000000,-0.161336,25.172369
25.000000,-2.000000,-0.349066,0.000000,0.000000,-0.005252,0.000000,-0.095649,25.084359
25.000000,-2.000000,-0.174533,0.000000,0.000000,-0.009237,0.000000,-0.023709,25.047954
25.000000,-2.000000,0.000000,0.000000,0.000000,-0.012838,0.000000,0.037481,25.046393
25.000000,-2.000000,0.174533,0.000000,0.000000,-0.016560,0.000000,0.104058,25.103522
25.000000,-2.000000,0.349066,0.000000,0.000000,-0.020148,0.000000,0.170427,25.214774
25.000000,-2.000000,0.523599,0.000000,0.000000,-0.023675,0.000000,0.234912,25.355754
25.000000,-3.000000,-0.523599,0.000000,0.000000,-0.007738,0.000000,-0.142098,25.249907
25.000000,-3.000000,-0.349066,0.000000,0.000000,-0.011512,0.000000,-0.075898,25.171799
25.000000,-3.000000,-0.174533,0.000000,0.000000,-0.015199,0.000000,-0.008669,25.161992
25.000000,-3.000000,0.000000,0.000000,0.000000,-0.019047,0.000000,0.056598,25.179859
25.000000,-3.000000,0.174533,0.000000,0.000000,-0.022513,0.000000,0.122455,25.272725
25.000000,-3.000000,0.349066,0.000000,0.000000,-0.026363,0.000000,0.187053,25.322890
25.000000,-3.000000,0.523599,0.000000,0.000000,-0.029970,0.000000,0.252160,25.500467
25.000000,-4.000000,-0.523599,0.000000,0.000000,-0.013911,0.000000,-0.123117,25.407674
25.000000,-4.000000,-0.349066,0.000000,0.000000,-0.017497,0.000000,-0.055695,25.322621
25.000000,-4.000000,-0.174533,0.000000,0.000000,-0.021370,0.000000,0.008040,25.388715
25.000000,-4.000000,0.000000,0.000000,0.000000,-0.025198,0.000000,0.074634,25.304238
25.000000,-4.000000,0.174533,0.000000,0.000000,-0.028473,0.000000,0.139993,25.474566
25.000000,-4.000000,0.349066,0.000000,0.000000,-0.032260,0.000000,0.204245,25.544893
25.000000,-4.000000,0.523599,0.000000,0.000000,-0.035463,0.000000,0.268226,25.775175
25.000000,-5.000000,-0.523599,0.000000,0.000000,-0.019836,0.000000,-0.104117,25.601782
25.000000,-5.000000,-0.349066,0.000000,0.000000,-0.023483,0.000000,-0.037823,25.558885
25.000000,-5.000000,-0.174533,0.000000,0.000000,-0.027344,0.000000,0.025843,25.537377
25.000000,-5.000000,0.000000,0.000000,0.000000,-0.031013,0.000000,0.090896,25.609511
25.000000,-5.000000,0.174533,0.000000,0.000000,-0.034232,0.000000,0.156114,25.726287
25.000000,-5.000000,0.349066,0.000000,0.000000,-0.037691,0.000000,0.220347,25.896961
25.000000,-5.000000,0.523599,0.000000,0.000000,-0.041106,0.000000,0.283217,26.053053
